arcsec, 5sigHcontr
0.2812, 2.5472e-5
0.2824, 2.5472e-5
0.2835, 2.5302e-5
0.2846, 2.5133e-5
0.2857, 2.4965e-5
0.2868, 2.4798e-5
0.2879, 2.4799e-5
0.2891, 2.4633e-5
0.2902, 2.4468e-5
0.2913, 2.4305e-5
0.2924, 2.4142e-5
0.2934, 2.3981e-5
0.2946, 2.3821e-5
0.2958, 2.3661e-5
0.2969, 2.3503e-5
0.298, 2.3346e-5
0.2991, 2.319e-5
0.2991, 2.3035e-5
0.2991, 2.2881e-5
0.3002, 2.2881e-5
0.3002, 2.2728e-5
0.3013, 2.2728e-5
0.3013, 2.2576e-5
0.3025, 2.2425e-5
0.3025, 2.2275e-5
0.3035, 2.2126e-5
0.3047, 2.1978e-5
0.3058, 2.1832e-5
0.3058, 2.1685e-5
0.3069, 2.1541e-5
0.308, 2.1397e-5
0.3092, 2.1254e-5
0.3092, 2.1111e-5
0.3103, 2.097e-5
0.3114, 2.083e-5
0.3125, 2.0691e-5
0.3136, 2.0553e-5
0.3147, 2.0553e-5
0.3158, 2.0415e-5
0.317, 2.0416e-5
0.3181, 2.0416e-5
0.3192, 2.0416e-5
0.3203, 2.0279e-5
0.3214, 2.0144e-5
0.3225, 2.0144e-5
0.3237, 2.0009e-5
0.3248, 2.001e-5
0.3259, 1.9876e-5
0.327, 1.9876e-5
0.3281, 1.9743e-5
0.3292, 1.9743e-5
0.3304, 1.9743e-5
0.3315, 1.9612e-5
0.3326, 1.9612e-5
0.3336, 1.9612e-5
0.3348, 1.9612e-5
0.3359, 1.9612e-5
0.3371, 1.9481e-5
0.3382, 1.9481e-5
0.3393, 1.9481e-5
0.3404, 1.9481e-5
0.3415, 1.9482e-5
0.3426, 1.9351e-5
0.3437, 1.9352e-5
0.3449, 1.9352e-5
0.346, 1.9222e-5
0.3471, 1.9223e-5
0.3482, 1.9223e-5
0.3493, 1.9094e-5
0.3504, 1.9094e-5
0.3516, 1.8967e-5
0.3527, 1.8967e-5
0.3538, 1.884e-5
0.3549, 1.884e-5
0.3559, 1.8714e-5
0.3571, 1.8715e-5
0.3583, 1.8589e-5
0.3594, 1.859e-5
0.3605, 1.8465e-5
0.3616, 1.8465e-5
0.3627, 1.8342e-5
0.3638, 1.8219e-5
0.365, 1.8098e-5
0.366, 1.8098e-5
0.3672, 1.7977e-5
0.3683, 1.7857e-5
0.3694, 1.7737e-5
0.3705, 1.7738e-5
0.3717, 1.7619e-5
0.3728, 1.7501e-5
0.3739, 1.7384e-5
0.375, 1.7268e-5
0.3761, 1.7268e-5
0.3772, 1.7153e-5
0.3783, 1.7038e-5
0.3795, 1.7038e-5
0.3806, 1.6924e-5
0.3817, 1.6811e-5
0.3828, 1.6699e-5
0.3839, 1.6699e-5
0.385, 1.6588e-5
0.3862, 1.6477e-5
0.3873, 1.6367e-5
0.3884, 1.6367e-5
0.3895, 1.6257e-5
0.3906, 1.6149e-5
0.3917, 1.6149e-5
0.3929, 1.6041e-5
0.394, 1.5934e-5
0.3951, 1.5934e-5
0.3961, 1.5827e-5
0.3973, 1.5827e-5
0.3984, 1.5722e-5
0.3996, 1.5722e-5
0.4007, 1.5722e-5
0.4018, 1.5617e-5
0.4029, 1.5617e-5
0.404, 1.5513e-5
0.4051, 1.5513e-5
0.4062, 1.5513e-5
0.4074, 1.5409e-5
0.4085, 1.5409e-5
0.4096, 1.5306e-5
0.4107, 1.5306e-5
0.4118, 1.5204e-5
0.4129, 1.5102e-5
0.4141, 1.5001e-5
0.4152, 1.4901e-5
0.4163, 1.4802e-5
0.4174, 1.4703e-5
0.4184, 1.4604e-5
0.4196, 1.4605e-5
0.4208, 1.4507e-5
0.4219, 1.441e-5
0.423, 1.4314e-5
0.4241, 1.4218e-5
0.4252, 1.4123e-5
0.4263, 1.4029e-5
0.4275, 1.3935e-5
0.4285, 1.3842e-5
0.4297, 1.3749e-5
0.4297, 1.3657e-5
0.4308, 1.3657e-5
0.4308, 1.3566e-5
0.4319, 1.3566e-5
0.4319, 1.3475e-5
0.433, 1.3475e-5
0.4342, 1.3476e-5
0.4353, 1.3385e-5
0.4353, 1.3296e-5
0.4364, 1.3296e-5
0.4375, 1.3207e-5
0.4386, 1.3119e-5
0.4397, 1.3031e-5
0.4408, 1.2944e-5
0.442, 1.2858e-5
0.4431, 1.2772e-5
0.4442, 1.2686e-5
0.4453, 1.2602e-5
0.4464, 1.2517e-5
0.4464, 1.2434e-5
0.4475, 1.2434e-5
0.4475, 1.235e-5
0.4487, 1.2351e-5
0.4487, 1.2268e-5
0.4498, 1.2268e-5
0.4498, 1.2186e-5
0.4509, 1.2186e-5
0.4509, 1.2105e-5
0.452, 1.2024e-5
0.4531, 1.1943e-5
0.4542, 1.1863e-5
0.4554, 1.1784e-5
0.4565, 1.1705e-5
0.4576, 1.1627e-5
0.4586, 1.1549e-5
0.4598, 1.155e-5
0.4609, 1.155e-5
0.4621, 1.1472e-5
0.4632, 1.1473e-5
0.4643, 1.1396e-5
0.4654, 1.132e-5
0.4665, 1.132e-5
0.4676, 1.1244e-5
0.4687, 1.1169e-5
0.4699, 1.1094e-5
0.471, 1.1094e-5
0.4721, 1.102e-5
0.4732, 1.0947e-5
0.4743, 1.0947e-5
0.4754, 1.0874e-5
0.4766, 1.0801e-5
0.4777, 1.0729e-5
0.4788, 1.0657e-5
0.4799, 1.0657e-5
0.4809, 1.0586e-5
0.4821, 1.0515e-5
0.4833, 1.0445e-5
0.4844, 1.0375e-5
0.4855, 1.0306e-5
0.4866, 1.0237e-5
0.4877, 1.0168e-5
0.4888, 1.0168e-5
0.49, 1.0101e-5
0.491, 1.0033e-5
0.4922, 9.966e-6
0.4933, 9.8994e-6
0.4944, 9.8332e-6
0.4955, 9.7675e-6
0.4967, 9.7022e-6
0.4978, 9.6374e-6
0.4989, 9.573e-6
0.4989, 9.5089e-6
0.5, 9.509e-6
0.5, 9.4454e-6
0.5011, 9.4454e-6
0.5011, 9.3822e-6
0.5022, 9.3823e-6
0.5022, 9.3195e-6
0.5032, 9.3196e-6
0.5032, 9.2573e-6
0.5045, 9.1954e-6
0.5056, 9.1339e-6
0.5067, 9.0729e-6
0.5078, 9.0123e-6
0.5089, 9.0123e-6
0.51, 9.0124e-6
0.5112, 8.9522e-6
0.5123, 8.8923e-6
0.5133, 8.8329e-6
0.5145, 8.833e-6
0.5156, 8.7739e-6
0.5167, 8.7153e-6
0.5179, 8.657e-6
0.519, 8.5992e-6
0.5201, 8.5993e-6
0.5211, 8.5418e-6
0.5223, 8.4847e-6
0.5234, 8.428e-6
0.5246, 8.3717e-6
0.5257, 8.3157e-6
0.5268, 8.2601e-6
0.5279, 8.2049e-6
0.529, 8.1501e-6
0.5301, 8.0956e-6
0.5312, 8.0415e-6
0.5324, 7.9878e-6
0.5335, 7.9344e-6
0.5335, 7.8813e-6
0.5346, 7.8814e-6
0.5346, 7.8286e-6
0.5356, 7.8287e-6
0.5356, 7.7763e-6
0.5368, 7.7764e-6
0.5368, 7.7244e-6
0.5379, 7.7244e-6
0.5379, 7.6727e-6
0.5391, 7.6215e-6
0.5402, 7.5705e-6
0.5413, 7.5199e-6
0.5424, 7.4697e-6
0.5434, 7.4198e-6
0.5446, 7.3702e-6
0.5457, 7.3209e-6
0.5469, 7.272e-6
0.548, 7.2234e-6
0.5491, 7.2234e-6
0.5491, 7.1751e-6
0.5502, 7.1752e-6
0.5513, 7.1752e-6
0.5525, 7.1273e-6
0.5525, 7.0796e-6
0.5535, 7.0796e-6
0.5535, 7.0323e-6
0.5547, 7.0323e-6
0.5558, 6.9853e-6
0.5569, 6.9386e-6
0.558, 6.8923e-6
0.5592, 6.8923e-6
0.5603, 6.8462e-6
0.5614, 6.8005e-6
0.5625, 6.8005e-6
0.5636, 6.7551e-6
0.5647, 6.71e-6
0.5657, 6.71e-6
0.567, 6.6652e-6
0.5681, 6.6206e-6
0.5692, 6.6207e-6
0.5703, 6.5764e-6
0.5714, 6.5325e-6
0.5725, 6.5325e-6
0.5737, 6.4889e-6
0.5748, 6.4455e-6
0.5758, 6.4024e-6
0.577, 6.4025e-6
0.5781, 6.3597e-6
0.5792, 6.3172e-6
0.5804, 6.275e-6
0.5815, 6.233e-6
0.5826, 6.2331e-6
0.5836, 6.1914e-6
0.5848, 6.15e-6
0.5859, 6.1089e-6
0.5871, 6.0681e-6
0.5882, 6.0681e-6
0.5893, 6.0276e-6
0.5904, 5.9873e-6
0.5915, 5.9874e-6
0.5926, 5.9473e-6
0.5937, 5.9474e-6
0.5949, 5.9076e-6
0.596, 5.9077e-6
0.5971, 5.9077e-6
0.5981, 5.8682e-6
0.5993, 5.8683e-6
0.6004, 5.8683e-6
0.6016, 5.8291e-6
0.6027, 5.8292e-6
0.6038, 5.8292e-6
0.6049, 5.7902e-6
0.6059, 5.7903e-6
0.6071, 5.7903e-6
0.6082, 5.7516e-6
0.6094, 5.7517e-6
0.6105, 5.7517e-6
0.6116, 5.7518e-6
0.6127, 5.7518e-6
0.6138, 5.7518e-6
0.615, 5.7134e-6
0.616, 5.7134e-6
0.6172, 5.7135e-6
0.6183, 5.7135e-6
0.6194, 5.7136e-6
0.6205, 5.7136e-6
0.6217, 5.6754e-6
0.6228, 5.6755e-6
0.6239, 5.6755e-6
0.625, 5.6756e-6
0.6261, 5.6756e-6
0.6272, 5.6756e-6
0.6282, 5.6757e-6
0.6295, 5.6378e-6
0.6306, 5.6378e-6
0.6317, 5.6378e-6
0.6328, 5.6379e-6
0.6339, 5.6379e-6
0.635, 5.6002e-6
0.6362, 5.6003e-6
0.6373, 5.6003e-6
0.6383, 5.6004e-6
0.6395, 5.6004e-6
0.6406, 5.563e-6
0.6417, 5.563e-6
0.6429, 5.5631e-6
0.644, 5.5631e-6
0.6451, 5.5632e-6
0.6461, 5.526e-6
0.6473, 5.526e-6
0.6484, 5.5261e-6
0.6496, 5.5261e-6
0.6507, 5.5261e-6
0.6518, 5.5262e-6
0.6529, 5.4892e-6
0.654, 5.4893e-6
0.6551, 5.4893e-6
0.6562, 5.4894e-6
0.6574, 5.4894e-6
0.6585, 5.4527e-6
0.6596, 5.4528e-6
0.6606, 5.4528e-6
0.6618, 5.4528e-6
0.6629, 5.4529e-6
0.6641, 5.4164e-6
0.6652, 5.4165e-6
0.6663, 5.4165e-6
0.6674, 5.3803e-6
0.6684, 5.3804e-6
0.6696, 5.3804e-6
0.6707, 5.3804e-6
0.6719, 5.3805e-6
0.673, 5.3445e-6
0.6741, 5.3446e-6
0.6752, 5.3446e-6
0.6763, 5.3447e-6
0.6775, 5.3089e-6
0.6785, 5.309e-6
0.6797, 5.309e-6
0.6808, 5.3091e-6
0.6819, 5.2736e-6
0.683, 5.2736e-6
0.6842, 5.2736e-6
0.6853, 5.2737e-6
0.6864, 5.2384e-6
0.6875, 5.2385e-6
0.6886, 5.2385e-6
0.6897, 5.2386e-6
0.6907, 5.2386e-6
0.692, 5.2036e-6
0.6931, 5.2036e-6
0.6942, 5.1689e-6
0.6953, 5.1689e-6
0.6964, 5.1689e-6
0.6975, 5.1344e-6
0.6987, 5.1344e-6
0.6998, 5.1345e-6
0.7008, 5.1001e-6
0.702, 5.1002e-6
0.7031, 5.1002e-6
0.7042, 5.0661e-6
0.7054, 5.0662e-6
0.7065, 5.0662e-6
0.7076, 5.0324e-6
0.7086, 5.0324e-6
0.7098, 5.0324e-6
0.7109, 5.0325e-6
0.7121, 4.9988e-6
0.7132, 4.9989e-6
0.7143, 4.9989e-6
0.7154, 4.9655e-6
0.7165, 4.9655e-6
0.7176, 4.9656e-6
0.7187, 4.9656e-6
0.7199, 4.9324e-6
0.721, 4.9325e-6
0.7221, 4.9325e-6
0.7231, 4.8995e-6
0.7243, 4.8996e-6
0.7254, 4.8996e-6
0.7266, 4.8669e-6
0.7277, 4.8669e-6
0.7288, 4.8344e-6
0.7299, 4.8344e-6
0.7309, 4.8021e-6
0.7321, 4.8021e-6
0.7332, 4.77e-6
0.7344, 4.7701e-6
0.7355, 4.7382e-6
0.7366, 4.7382e-6
0.7377, 4.7066e-6
0.7388, 4.7066e-6
0.74, 4.6752e-6
0.741, 4.6752e-6
0.7422, 4.6439e-6
0.7433, 4.644e-6
0.7444, 4.644e-6
0.7455, 4.613e-6
0.7467, 4.613e-6
0.7478, 4.5822e-6
0.7489, 4.5822e-6
0.75, 4.5516e-6
0.7511, 4.5516e-6
0.7522, 4.5212e-6
0.7532, 4.5212e-6
0.7545, 4.491e-6
0.7556, 4.4911e-6
0.7567, 4.461e-6
0.7578, 4.4611e-6
0.7589, 4.4313e-6
0.76, 4.4313e-6
0.7612, 4.4017e-6
0.7623, 4.3723e-6
0.7633, 4.3723e-6
0.7645, 4.3431e-6
0.7656, 4.3431e-6
0.7667, 4.3141e-6
0.7679, 4.3141e-6
0.769, 4.2853e-6
0.7701, 4.2853e-6
0.7711, 4.2567e-6
0.7723, 4.2567e-6
0.7734, 4.2283e-6
0.7746, 4.2283e-6
0.7757, 4.2283e-6
0.7768, 4.2001e-6
0.7779, 4.2001e-6
0.779, 4.172e-6
0.7801, 4.1721e-6
0.7812, 4.1442e-6
0.7824, 4.1442e-6
0.7835, 4.1442e-6
0.7846, 4.1165e-6
0.7856, 4.1166e-6
0.7868, 4.0891e-6
0.7879, 4.0891e-6
0.7891, 4.0618e-6
0.7902, 4.0618e-6
0.7913, 4.0618e-6
0.7924, 4.0347e-6
0.7934, 4.0347e-6
0.7946, 4.0077e-6
0.7957, 4.0078e-6
0.7969, 4.0078e-6
0.798, 3.981e-6
0.7991, 3.981e-6
0.8002, 3.9544e-6
0.8013, 3.9545e-6
0.8025, 3.928e-6
0.8035, 3.9281e-6
0.8047, 3.9018e-6
0.8058, 3.8757e-6
0.8069, 3.8758e-6
0.808, 3.8499e-6
0.8092, 3.8241e-6
0.8103, 3.7986e-6
0.8114, 3.7732e-6
0.8125, 3.7732e-6
0.8136, 3.748e-6
0.8147, 3.723e-6
0.8157, 3.6981e-6
0.817, 3.6981e-6
0.8181, 3.6734e-6
0.8192, 3.6488e-6
0.8203, 3.6245e-6
0.8214, 3.6002e-6
0.8225, 3.6003e-6
0.8237, 3.5762e-6
0.8248, 3.5523e-6
0.8258, 3.5286e-6
0.827, 3.5286e-6
0.8281, 3.505e-6
0.8292, 3.4816e-6
0.8304, 3.4816e-6
0.8315, 3.4583e-6
0.8326, 3.4352e-6
0.8336, 3.4123e-6
0.8348, 3.4123e-6
0.8359, 3.3895e-6
0.8371, 3.3668e-6
0.8382, 3.3669e-6
0.8393, 3.3444e-6
0.8404, 3.322e-6
0.8415, 3.2998e-6
0.8426, 3.2998e-6
0.8437, 3.2778e-6
0.8449, 3.2559e-6
0.846, 3.2559e-6
0.8471, 3.2341e-6
0.8481, 3.2125e-6
0.8493, 3.2125e-6
0.8504, 3.1911e-6
0.8516, 3.1697e-6
0.8527, 3.1698e-6
0.8538, 3.1486e-6
0.8549, 3.1275e-6
0.8559, 3.1276e-6
0.8571, 3.1067e-6
0.8582, 3.0859e-6
0.8594, 3.0859e-6
0.8605, 3.0653e-6
0.8616, 3.0448e-6
0.8627, 3.0448e-6
0.8638, 3.0245e-6
0.865, 3.0043e-6
0.866, 3.0043e-6
0.8672, 2.9842e-6
0.8683, 2.9643e-6
0.8694, 2.9643e-6
0.8705, 2.9445e-6
0.8717, 2.9445e-6
0.8728, 2.9248e-6
0.8739, 2.9249e-6
0.875, 2.9053e-6
0.8761, 2.9053e-6
0.8772, 2.8859e-6
0.8782, 2.8859e-6
0.8795, 2.8666e-6
0.8806, 2.8475e-6
0.8817, 2.8475e-6
0.8828, 2.8285e-6
0.8839, 2.8285e-6
0.885, 2.8285e-6
0.8862, 2.8096e-6
0.8873, 2.8096e-6
0.8883, 2.7909e-6
0.8895, 2.7909e-6
0.8906, 2.7909e-6
0.8917, 2.7909e-6
0.8929, 2.7723e-6
0.894, 2.7723e-6
0.8951, 2.7723e-6
0.8961, 2.7538e-6
0.8973, 2.7538e-6
0.8984, 2.7538e-6
0.8996, 2.7539e-6
0.9007, 2.7539e-6
0.9018, 2.7355e-6
0.9029, 2.7355e-6
0.904, 2.7355e-6
0.9051, 2.7172e-6
0.9062, 2.7172e-6
0.9074, 2.6991e-6
0.9085, 2.6991e-6
0.9096, 2.6811e-6
0.9106, 2.6632e-6
0.9118, 2.6632e-6
0.9129, 2.6454e-6
0.9141, 2.6454e-6
0.9152, 2.6277e-6
0.9163, 2.6277e-6
0.9174, 2.6102e-6
0.9184, 2.6102e-6
0.9196, 2.5927e-6
0.9207, 2.5928e-6
0.9219, 2.5928e-6
0.923, 2.5755e-6
0.9241, 2.5755e-6
0.9252, 2.5755e-6
0.9263, 2.5755e-6
0.9275, 2.5583e-6
0.9285, 2.5583e-6
0.9297, 2.5583e-6
0.9308, 2.5412e-6
0.9319, 2.5413e-6
0.933, 2.5413e-6
0.9342, 2.5413e-6
0.9353, 2.5243e-6
0.9364, 2.5243e-6
0.9375, 2.5075e-6
0.9386, 2.5075e-6
0.9397, 2.5075e-6
0.9407, 2.4907e-6
0.942, 2.4908e-6
0.9431, 2.4741e-6
0.9442, 2.4741e-6
0.9453, 2.4576e-6
0.9464, 2.4576e-6
0.9475, 2.4412e-6
0.9487, 2.4412e-6
0.9498, 2.4249e-6
0.9508, 2.4249e-6
0.952, 2.4087e-6
0.9531, 2.4087e-6
0.9542, 2.4087e-6
0.9554, 2.3926e-6
0.9565, 2.3927e-6
0.9576, 2.3927e-6
0.9586, 2.3767e-6
0.9598, 2.3767e-6
0.9609, 2.3767e-6
0.9621, 2.3608e-6
0.9632, 2.3609e-6
0.9643, 2.3609e-6
0.9654, 2.3451e-6
0.9665, 2.3451e-6
0.9676, 2.3451e-6
0.9687, 2.3295e-6
0.9699, 2.3295e-6
0.971, 2.3295e-6
0.9721, 2.3139e-6
0.9731, 2.3139e-6
0.9743, 2.314e-6
0.9754, 2.2985e-6
0.9766, 2.2985e-6
0.9777, 2.2985e-6
0.9788, 2.2832e-6
0.9799, 2.2832e-6
0.9809, 2.2832e-6
0.9821, 2.2679e-6
0.9832, 2.268e-6
0.9844, 2.268e-6
0.9855, 2.268e-6
0.9866, 2.2528e-6
0.9877, 2.2529e-6
0.9888, 2.2529e-6
0.99, 2.2529e-6
0.991, 2.2529e-6
0.9922, 2.2379e-6
0.9933, 2.2379e-6
0.9944, 2.2379e-6
0.9955, 2.2379e-6
0.9967, 2.2379e-6
0.9978, 2.223e-6
0.9989, 2.223e-6
1.0, 2.223e-6
1.0011, 2.223e-6
1.0022, 2.223e-6
1.0033, 2.2082e-6
1.0045, 2.2082e-6
1.0056, 2.2082e-6
1.0067, 2.1934e-6
1.0078, 2.1935e-6
1.0089, 2.1935e-6
1.01, 2.1788e-6
1.0112, 2.1788e-6
1.0123, 2.1789e-6
1.0134, 2.1643e-6
1.0145, 2.1643e-6
1.0156, 2.1643e-6
1.0167, 2.1643e-6
1.0179, 2.1499e-6
1.019, 2.1499e-6
1.0201, 2.1499e-6
1.0212, 2.1499e-6
1.0223, 2.1499e-6
1.0234, 2.15e-6
1.0246, 2.15e-6
1.0257, 2.1356e-6
1.0268, 2.1356e-6
1.0279, 2.1356e-6
1.029, 2.1357e-6
1.0301, 2.1357e-6
1.0313, 2.1357e-6
1.0324, 2.1357e-6
1.0335, 2.1357e-6
1.0346, 2.1357e-6
1.0357, 2.1357e-6
1.0368, 2.1215e-6
1.0379, 2.1215e-6
1.0391, 2.1215e-6
1.0402, 2.1215e-6
1.0413, 2.1215e-6
1.0424, 2.1216e-6
1.0435, 2.1074e-6
1.0446, 2.1074e-6
1.0446, 2.0933e-6
1.0458, 2.0933e-6
