#DataThief /Users/vbailey/Downloads/image.png Sunday 26-Aug-2018 4:33:25 PM
#From PALMS survey paper IV
#http://iopscience.iop.org/article/10.1088/0067-0049/216/1/7
#target = NLTT 6549, R~12; h-band image, 600s, 22dgr rot, SR=0.35
arcsec, dmag
0.3489, 10.8315
0.3517, 10.8315
0.3546, 10.8314
0.3575, 10.8845
0.3604, 10.8843
0.3633, 10.8843
0.3663, 10.9374
0.3693, 10.9374
0.3723, 10.9904
0.3753, 10.9904
0.3783, 10.9904
0.3814, 11.0434
0.3845, 11.0434
0.3876, 11.0964
0.3908, 11.0964
0.394, 11.0964
0.3972, 11.1494
0.4003, 11.1494
0.4037, 11.1493
0.4069, 11.2024
0.4102, 11.2023
0.4136, 11.2023
0.4169, 11.2023
0.4203, 11.2553
0.4237, 11.2553
0.4272, 11.2551
0.4307, 11.2551
0.4342, 11.3082
0.4377, 11.3082
0.4413, 11.3082
0.4447, 11.3082
0.4485, 11.3612
0.4521, 11.3612
0.4558, 11.4142
0.4595, 11.4672
0.4632, 11.5202
0.467, 11.5733
0.4707, 11.6263
0.4746, 11.6793
0.4784, 11.7323
0.4823, 11.7854
0.4862, 11.7852
0.4902, 11.8384
0.4942, 11.8914
0.4982, 11.9444
0.5022, 11.9973
0.5063, 11.9973
0.5104, 11.9973
0.5146, 12.0504
0.5187, 12.0504
0.5229, 12.1034
0.5272, 12.1034
0.5314, 12.1033
0.5358, 12.1564
0.5402, 12.1562
0.5445, 12.2094
0.549, 12.2093
0.5534, 12.2624
0.5579, 12.2623
0.5625, 12.3154
0.567, 12.3153
0.5716, 12.3684
0.5763, 12.3683
0.581, 12.4214
0.5857, 12.4213
0.5904, 12.4744
0.5953, 12.4743
0.6, 12.5274
0.605, 12.5272
0.6099, 12.5272
0.6148, 12.5803
0.6198, 12.5803
0.6249, 12.5803
0.63, 12.6333
0.6351, 12.6333
0.6402, 12.6863
0.6454, 12.6863
0.6507, 12.6862
0.656, 12.7393
0.6613, 12.7923
0.6667, 12.7923
0.6721, 12.8453
0.6775, 12.8982
0.6831, 12.8982
0.6886, 12.9513
0.6942, 12.9513
0.6998, 13.0043
0.7055, 13.0043
0.7113, 13.0573
0.717, 13.0573
0.7229, 13.0573
0.7287, 13.1103
0.7347, 13.1103
0.7406, 13.1633
0.7467, 13.1632
0.7527, 13.1632
0.7588, 13.2162
0.765, 13.2162
0.7711, 13.2692
0.7774, 13.2692
0.7838, 13.3222
0.7902, 13.3222
0.7966, 13.3222
0.8031, 13.3752
0.8096, 13.3752
0.8162, 13.4282
0.8228, 13.4282
0.8295, 13.4282
0.8363, 13.4812
0.8431, 13.4812
0.8498, 13.5342
0.8568, 13.5342
0.8638, 13.5341
0.8708, 13.5341
0.8779, 13.5341
0.885, 13.5341
0.8921, 13.534
0.8995, 13.587
0.9068, 13.6401
0.9142, 13.64
0.9216, 13.6931
0.9291, 13.7461
0.9365, 13.7461
0.9442, 13.7991
0.9519, 13.7991
0.9596, 13.8521
0.9674, 13.8521
0.9752, 13.8519
0.9832, 13.9051
0.9912, 13.905
0.9992, 13.905
1.0074, 13.905
1.0156, 13.958
1.0239, 13.958
1.0322, 13.958
1.0406, 13.9579
1.049, 14.011
1.0576, 14.0109
1.0662, 14.0109
1.0748, 14.0109
1.0836, 14.0108
1.0924, 14.0108
1.1013, 14.0638
1.1102, 14.0638
1.1193, 14.0638
1.1283, 14.1168
1.1375, 14.1168
1.1468, 14.1168
1.1561, 14.1167
1.1655, 14.1698
1.175, 14.1697
1.1844, 14.1697
1.1942, 14.1697
1.2039, 14.2227
1.2137, 14.2227
1.2235, 14.2227
1.2335, 14.2757
1.2435, 14.2757
1.2536, 14.2756
1.2638, 14.2756
1.2741, 14.3286
1.2844, 14.3286
1.2949, 14.3286
1.3054, 14.3285
1.316, 14.3285
1.3268, 14.3285
1.3375, 14.3815
1.3484, 14.3815
1.3594, 14.3815
1.3704, 14.3814
1.3816, 14.3814
1.3928, 14.4344
1.4041, 14.4344
1.4156, 14.4344
1.4271, 14.4344
1.4386, 14.4343
1.4504, 14.4343
1.4622, 14.4873
1.4741, 14.4873
1.4861, 14.4873
1.4981, 14.4873
1.5103, 14.4872
1.5226, 14.4872
1.535, 14.5402
1.5474, 14.5402
1.5601, 14.5402
1.5727, 14.5401
1.5855, 14.5932
1.5984, 14.5931
1.6114, 14.5931
1.6245, 14.5931
1.6377, 14.5931
1.6511, 14.593
1.6644, 14.593
1.6781, 14.593
1.6917, 14.593
1.7055, 14.5929
1.7193, 14.5929
1.7332, 14.5929
1.7473, 14.6459
1.7616, 14.6459
1.776, 14.6459
1.7904, 14.6458
1.805, 14.6458
1.8197, 14.6458
1.8345, 14.6457
1.8494, 14.6457
1.8643, 14.6457
1.8796, 14.6987
1.8949, 14.6987
1.9102, 14.6987
1.9258, 14.6985
1.9415, 14.6985
1.9573, 14.6985
1.9731, 14.6985
1.9893, 14.6985
2.0055, 14.6985
2.0218, 14.6985
2.0382, 14.7515
2.0548, 14.7515
2.0715, 14.7515
2.0883, 14.7513
2.1053, 14.7513
2.1225, 14.7513
2.1397, 14.7513
2.1571, 14.7513
2.1747, 14.7513
2.1924, 14.7513
2.2102, 14.7511
2.2282, 14.7511
2.2463, 14.7511
2.2646, 14.7511
2.283, 14.7511
2.3016, 14.7511
2.3203, 14.8041
2.3392, 14.8041
2.3582, 14.8041
2.3774, 14.8041
2.3967, 14.804
2.4162, 14.804
2.4359, 14.804
2.4557, 14.804
2.4757, 14.8039
2.4958, 14.8039
2.5161, 14.8039
2.5366, 14.8037
2.5573, 14.8037
2.5781, 14.8037
2.599, 14.8037
2.6202, 14.8037
2.6415, 14.8037
2.663, 14.8037
2.6846, 14.8037
2.7065, 14.8035
2.7285, 14.8035
2.7507, 14.8035
2.7731, 14.8035
2.7957, 14.8035
2.8184, 14.8035
2.8414, 14.8035
2.8645, 14.8035
2.8878, 14.8034
2.9113, 14.8034
2.935, 14.8034
2.9588, 14.8034
2.9828, 14.8033
3.0072, 14.8033
3.0317, 14.8033
3.0563, 14.8032
3.0812, 14.8032
3.1063, 14.8032
3.1315, 14.8032
3.157, 14.8031
3.1827, 14.8031
3.2086, 14.8031
3.2347, 14.8031
3.261, 14.803
3.2876, 14.803
3.3143, 14.803
3.3413, 14.803
3.3685, 14.8029
3.3959, 14.8029
3.4235, 14.8029
3.4514, 14.8029
3.4794, 14.8028
3.5078, 14.8028
3.5363, 14.8028
3.5651, 14.8027
3.5941, 14.8027
3.6233, 14.8027
3.6528, 14.8027
3.6825, 14.8026
3.7125, 14.8026
3.7427, 14.8026
3.7731, 14.8026
3.8037, 14.8025
3.8348, 14.8025
3.8659, 14.8555
3.8974, 14.8555
3.9291, 14.8555
3.9609, 14.8555
3.9933, 14.8554
4.0258, 14.8554
4.0585, 14.8554
4.0916, 14.8023
4.1249, 14.8023
4.1585, 14.8022
4.1923, 14.8022
4.2265, 14.749
4.2609, 14.749
4.2957, 14.696
4.3306, 14.696
4.366, 14.6429
4.4015, 14.6429
4.4016, 14.5899
4.4374, 14.5897
4.4735, 14.5897
4.5099, 14.5897
4.5466, 14.5897
4.5836, 14.5897
4.6209, 14.5897
4.6585, 14.5897
4.6964, 14.5897
4.7346, 14.5896
4.7731, 14.5896
4.812, 14.5896
4.8511, 14.5895
4.8906, 14.5895
4.9304, 14.5895
4.9705, 14.5895
5.0109, 14.5894
5.0517, 14.5894
5.0928, 14.5894
5.1342, 14.5894
5.1761, 14.5363
5.2182, 14.5363
5.2608, 14.4832
5.3035, 14.4832
5.3468, 14.483
5.3902, 14.483
5.4341, 14.483
5.4783, 14.483
5.5229, 14.483
5.5678, 14.483
5.6132, 14.483
5.6588, 14.4828
5.7048, 14.4828
5.7513, 14.4298
5.7982, 14.4298
5.8453, 14.4828
5.8928, 14.4828
5.9407, 14.4828
5.9891, 14.4828
6.0378, 14.4827
6.038, 14.4297
6.0872, 14.3766
6.1369, 14.3235
6.187, 14.2705
6.2373, 14.2704
6.288, 14.2704
6.3393, 14.2173
6.3909, 14.2173
6.4431, 14.1642
6.4955, 14.1642
6.5485, 14.1111
6.6018, 14.1111
6.6556, 14.058
6.7098, 14.058
