Teff	logg	M/Mo	Mbol	BC	U	B	V	R	I	J	H	K	u	g	r	i	z	y	b-y	u-b	v-y	V-I	G-R	U-V	U-G	B-V	Age
1500	7	0.15	19.064	0.983	23.034	20.606	18.081	17.823	19.548	19.652	19.658	20.627	24.045	19.305	17.694	19.779	19.447	18.036	1.813	5.323	3.901	-2.25	0.646	6.28	4.834	2.954	1.62E+10
1750	7	0.151	18.393	0.778	22.268	20.039	17.615	17.167	18.254	18.394	18.538	19.381	23.262	18.813	17.082	18.552	18.333	17.591	1.725	5.062	3.674	-1.282	1.197	5.929	4.562	2.768	1.34E+10
2000	7	0.151	17.812	0.538	21.615	19.573	17.274	16.667	17.204	17.399	17.645	18.347	22.589	18.421	16.656	17.544	17.41	17.258	1.626	4.77	3.451	-0.494	1.624	5.561	4.283	2.582	1.08E+10
2250	7	0.151	17.297	0.31	21.036	19.165	16.988	16.26	16.35	16.569	16.889	17.448	21.99	18.08	16.338	16.734	16.643	16.974	1.534	4.495	3.252	0.121	1.885	5.212	4.016	2.417	7.88E+09
2500	7	0.152	16.837	0.094	20.524	18.805	16.743	15.929	15.67	15.869	16.234	16.665	21.46	17.779	16.094	16.11	16.012	16.729	1.448	4.247	3.072	0.589	1.995	4.899	3.778	2.268	5.48E+09
2750	7	0.152	16.42	-0.097	20.045	18.47	16.517	15.651	15.142	15.257	15.644	15.976	20.967	17.499	15.887	15.639	15.5	16.502	1.367	4.016	2.905	0.913	1.999	4.607	3.557	2.129	3.94E+09
3000	7	0.152	16.039	-0.259	19.579	18.141	16.298	15.415	14.753	14.712	15.083	15.332	20.486	17.224	15.696	15.293	15.101	16.282	1.288	3.791	2.742	1.096	1.938	4.325	3.345	1.993	3.47E+09
3250	7	0.153	15.689	-0.392	19.115	17.814	16.08	15.208	14.475	14.226	14.54	14.722	20.009	16.95	15.511	15.038	14.802	16.062	1.209	3.57	2.58	1.16	1.84	4.047	3.136	1.858	3.15E+09
3500	7	0.153	15.362	-0.491	18.634	17.473	15.853	15.013	14.261	13.803	14.014	14.127	19.517	16.664	15.319	14.831	14.573	15.834	1.129	3.345	2.414	1.146	1.719	3.764	2.924	1.719	2.93E+09
3750	7	0.154	15.058	-0.546	18.114	17.103	15.604	14.808	14.07	13.448	13.519	13.555	18.985	16.352	15.108	14.637	14.377	15.585	1.044	3.105	2.237	1.086	1.583	3.464	2.699	1.572	2.80E+09
4000	7	0.155	14.771	-0.545	17.521	16.679	15.316	14.577	13.873	13.174	13.083	13.059	18.38	15.993	14.865	14.429	14.187	15.297	0.949	2.836	2.038	0.993	1.425	3.13	2.447	1.406	2.55E+09
4250	7	0.157	14.497	-0.5	16.885	16.219	14.997	14.317	13.656	12.962	12.722	12.675	17.734	15.599	14.591	14.199	13.984	14.978	0.855	2.559	1.834	0.888	1.264	2.787	2.186	1.238	2.23E+09
4500	7	0.159	14.235	-0.429	16.239	15.748	14.664	14.043	13.431	12.781	12.447	12.369	17.078	15.193	14.302	13.958	13.776	14.645	0.765	2.284	1.636	0.779	1.107	2.45	1.928	1.075	1.96E+09
4750	7	0.162	13.975	-0.349	15.602	15.281	14.324	13.761	13.196	12.603	12.24	12.133	16.432	14.784	14.005	13.708	13.559	14.306	0.684	2.019	1.453	0.673	0.96	2.132	1.68	0.926	1.67E+09
5000	7	0.168	13.717	-0.276	14.981	14.832	13.993	13.483	12.963	12.426	12.069	11.961	15.804	14.39	13.714	13.46	13.342	13.976	0.611	1.753	1.285	0.574	0.827	1.823	1.434	0.791	1.36E+09
5250	7	0.174	13.467	-0.22	14.395	14.421	13.687	13.224	12.746	12.258	11.919	11.822	15.212	14.027	13.444	13.229	13.139	13.671	0.548	1.485	1.137	0.485	0.709	1.528	1.194	0.673	1.15E+09
5500	7	0.179	13.23	-0.184	13.877	14.059	13.413	12.992	12.551	12.107	11.785	11.703	14.693	13.704	13.202	13.023	12.958	13.398	0.495	1.251	1.017	0.405	0.605	1.28	0.993	0.576	9.70E+08
6000	7	0.188	12.802	-0.15	13.08	13.466	12.952	12.602	12.227	11.856	11.567	11.514	13.898	13.167	12.796	12.678	12.656	12.939	0.41	0.952	0.842	0.268	0.434	0.952	0.739	0.43	7.76E+08
6500	7	0.192	12.428	-0.147	12.504	12.997	12.575	12.282	11.961	11.657	11.405	11.374	13.325	12.734	12.462	12.394	12.409	12.563	0.347	0.794	0.724	0.157	0.301	0.762	0.604	0.326	6.33E+08
7000	7	0.197	12.083	-0.161	12.049	12.598	12.243	11.996	11.721	11.48	11.266	11.253	12.873	12.36	12.166	12.14	12.186	12.232	0.297	0.708	0.639	0.064	0.193	0.647	0.533	0.248	5.18E+08
7500	7	0.201	11.761	-0.182	11.675	12.246	11.943	11.736	11.503	11.32	11.144	11.144	12.503	12.026	11.897	11.908	11.984	11.933	0.255	0.67	0.575	-0.018	0.1	0.583	0.506	0.185	4.25E+08
8000	7	0.205	11.459	-0.206	11.36	11.929	11.665	11.496	11.301	11.172	11.032	11.044	12.192	11.721	11.648	11.694	11.797	11.656	0.217	0.667	0.529	-0.095	0.014	0.556	0.512	0.134	3.46E+08
8500	7	0.209	11.174	-0.228	11.087	11.637	11.403	11.27	11.113	11.035	10.929	10.95	11.924	11.438	11.415	11.493	11.624	11.394	0.183	0.688	0.496	-0.169	-0.065	0.557	0.542	0.092	2.84E+08
9000	7	0.213	10.906	-0.25	10.846	11.367	11.156	11.058	10.939	10.907	10.835	10.862	11.687	11.173	11.197	11.305	11.464	11.148	0.153	0.724	0.472	-0.242	-0.14	0.573	0.584	0.059	2.32E+08
9500	7	0.217	10.652	-0.275	10.627	11.118	10.927	10.863	10.78	10.79	10.748	10.78	11.473	10.928	10.996	11.134	11.319	10.919	0.125	0.762	0.453	-0.312	-0.211	0.593	0.628	0.03	1.88E+08
10000	7	0.22	10.411	-0.314	10.432	10.897	10.725	10.693	10.643	10.689	10.673	10.706	11.28	10.712	10.82	10.986	11.195	10.718	0.098	0.794	0.435	-0.378	-0.277	0.606	0.663	0.003	1.52E+08
10500	7	0.223	10.185	-0.379	10.263	10.714	10.563	10.558	10.536	10.608	10.611	10.645	11.114	10.534	10.68	10.87	11.097	10.556	0.073	0.81	0.415	-0.434	-0.336	0.604	0.681	-0.023	1.24E+08
11000	7	0.226	9.969	-0.473	10.128	10.573	10.442	10.458	10.457	10.548	10.561	10.594	10.98	10.398	10.576	10.785	11.024	10.435	0.05	0.819	0.395	-0.477	-0.386	0.592	0.688	-0.049	9.93E+07
11500	7	0.229	9.763	-0.587	10.016	10.461	10.35	10.382	10.396	10.499	10.517	10.55	10.868	10.292	10.497	10.72	10.966	10.344	0.028	0.816	0.375	-0.507	-0.426	0.571	0.684	-0.074	7.99E+07
12000	7	0.231	9.566	-0.693	9.891	10.348	10.258	10.303	10.33	10.445	10.469	10.503	10.743	10.186	10.415	10.65	10.904	10.254	0.011	0.797	0.349	-0.532	-0.459	0.538	0.666	-0.1	6.59E+07
12500	7	0.234	9.376	-0.793	9.757	10.238	10.169	10.222	10.26	10.389	10.418	10.455	10.609	10.083	10.332	10.577	10.837	10.165	-0.001	0.761	0.318	-0.551	-0.484	0.494	0.633	-0.124	5.55E+07
13000	7	0.237	9.194	-0.891	9.624	10.133	10.085	10.144	10.191	10.333	10.368	10.407	10.476	9.986	10.253	10.506	10.771	10.082	-0.011	0.718	0.287	-0.566	-0.504	0.444	0.593	-0.147	4.70E+07
13500	7	0.239	9.018	-0.988	9.495	10.035	10.006	10.07	10.125	10.279	10.318	10.359	10.347	9.896	10.177	10.438	10.708	10.004	-0.019	0.673	0.258	-0.578	-0.52	0.393	0.551	-0.167	4.00E+07
14000	7	0.242	8.848	-1.083	9.371	9.942	9.931	10	10.061	10.226	10.269	10.313	10.223	9.81	10.105	10.372	10.646	9.93	-0.026	0.628	0.232	-0.588	-0.534	0.344	0.508	-0.185	3.46E+07
14500	7	0.244	8.684	-1.175	9.252	9.853	9.859	9.931	9.999	10.174	10.221	10.267	10.103	9.728	10.035	10.309	10.586	9.859	-0.033	0.583	0.208	-0.598	-0.546	0.296	0.466	-0.2	3.00E+07
15000	7	0.247	8.525	-1.265	9.137	9.77	9.79	9.866	9.939	10.124	10.174	10.222	9.988	9.65	9.968	10.247	10.528	9.79	-0.038	0.54	0.187	-0.606	-0.557	0.25	0.426	-0.214	2.62E+07
15500	7	0.25	8.372	-1.352	9.028	9.69	9.723	9.802	9.88	10.075	10.128	10.179	9.878	9.576	9.903	10.187	10.471	9.724	-0.043	0.499	0.169	-0.614	-0.567	0.206	0.387	-0.226	2.31E+07
16000	7	0.252	8.223	-1.436	8.922	9.613	9.659	9.741	9.824	10.027	10.083	10.136	9.773	9.504	9.841	10.129	10.416	9.66	-0.048	0.46	0.152	-0.621	-0.576	0.164	0.349	-0.237	2.03E+07
16500	7	0.254	8.079	-1.517	8.822	9.539	9.596	9.681	9.769	9.981	10.04	10.095	9.671	9.435	9.78	10.073	10.363	9.598	-0.052	0.422	0.136	-0.629	-0.584	0.125	0.314	-0.247	1.81E+07
17000	7	0.257	7.939	-1.597	8.725	9.468	9.536	9.623	9.716	9.936	9.997	10.055	9.574	9.369	9.722	10.018	10.312	9.538	-0.056	0.387	0.122	-0.635	-0.593	0.088	0.28	-0.256	1.60E+07
20000	7	0.27	7.18	-2.027	8.212	9.087	9.207	9.309	9.424	9.687	9.762	9.831	9.059	9.009	9.403	9.72	10.029	9.211	-0.076	0.209	0.051	-0.671	-0.634	-0.1	0.111	-0.301	7.44E+06
25000	7	0.288	6.141	-2.605	7.532	8.559	8.746	8.867	9.011	9.33	9.424	9.509	8.378	8.51	8.955	9.299	9.628	8.752	-0.102	0.001	-0.035	-0.718	-0.688	-0.32	-0.087	-0.357	2.55E+06
30000	7	0.304	5.291	-3.024	6.932	8.075	8.315	8.451	8.618	8.98	9.091	9.19	7.778	8.049	8.535	8.899	9.244	8.323	-0.121	-0.159	-0.104	-0.754	-0.727	-0.49	-0.24	-0.398	1.10E+06
35000	7	0.32	4.566	-3.388	6.461	7.68	7.954	8.095	8.271	8.656	8.77	8.868	7.306	7.669	8.176	8.55	8.901	7.964	-0.129	-0.266	-0.151	-0.767	-0.743	-0.601	-0.345	-0.42	5.76E+05
40000	7	0.338	3.925	-3.775	6.155	7.408	7.701	7.844	8.025	8.419	8.535	8.632	7	7.405	7.925	8.303	8.657	7.711	-0.134	-0.317	-0.175	-0.774	-0.752	-0.654	-0.394	-0.433	3.17E+05
45000	7	0.353	3.368	-4.148	5.938	7.211	7.516	7.661	7.845	8.244	8.36	8.457	6.782	7.213	7.741	8.122	8.478	7.527	-0.137	-0.347	-0.19	-0.779	-0.758	-0.686	-0.423	-0.441	1.86E+05
50000	7	0.366	2.869	-4.494	5.763	7.051	7.363	7.51	7.696	8.098	8.215	8.311	6.607	7.056	7.589	7.973	8.33	7.375	-0.14	-0.369	-0.201	-0.782	-0.762	-0.709	-0.444	-0.447	1.16E+05
55000	7	0.379	2.417	-4.814	5.613	6.911	7.231	7.379	7.566	7.971	8.088	8.184	6.458	6.92	7.457	7.842	8.2	7.242	-0.141	-0.385	-0.21	-0.784	-0.766	-0.726	-0.459	-0.451	7.75E+04
60000	7	0.394	1.999	-5.108	5.475	6.782	7.107	7.256	7.445	7.851	7.968	8.065	6.32	6.793	7.334	7.72	8.079	7.118	-0.143	-0.397	-0.217	-0.787	-0.768	-0.739	-0.471	-0.455	5.58E+04
65000	7	0.411	1.605	-5.38	5.342	6.656	6.985	7.134	7.324	7.733	7.85	7.946	6.187	6.668	7.212	7.6	7.959	6.996	-0.144	-0.408	-0.223	-0.788	-0.771	-0.751	-0.482	-0.458	4.71E+04
70000	7	0.43	1.233	-5.632	5.212	6.533	6.865	7.016	7.207	7.617	7.734	7.831	6.058	6.546	7.094	7.482	7.842	6.877	-0.145	-0.417	-0.228	-0.79	-0.773	-0.76	-0.49	-0.461	4.41E+04
75000	7	0.452	0.879	-5.867	5.085	6.41	6.746	6.897	7.089	7.5	7.618	7.715	5.93	6.425	6.975	7.364	7.724	6.758	-0.146	-0.425	-0.232	-0.792	-0.775	-0.768	-0.498	-0.464	3.46E+04
80000	7	0.472	0.552	-6.086	4.97	6.299	6.638	6.79	6.983	7.395	7.514	7.611	5.815	6.316	6.867	7.258	7.618	6.65	-0.147	-0.431	-0.236	-0.793	-0.777	-0.776	-0.504	-0.466	2.81E+04
85000	7	0.489	0.251	-6.292	4.868	6.202	6.543	6.696	6.89	7.303	7.422	7.519	5.714	6.219	6.773	7.164	7.525	6.555	-0.148	-0.437	-0.239	-0.795	-0.778	-0.782	-0.51	-0.468	2.66E+04
90000	7	0.506	-0.034	-6.486	4.771	6.108	6.451	6.605	6.799	7.214	7.334	7.431	5.616	6.126	6.682	7.074	7.435	6.464	-0.149	-0.443	-0.243	-0.796	-0.78	-0.788	-0.514	-0.47	2.95E+04
100000	7	0.543	-0.569	-6.841	4.582	5.925	6.273	6.427	6.623	7.04	7.16	7.257	5.428	5.945	6.504	6.897	7.259	6.285	-0.15	-0.451	-0.248	-0.798	-0.783	-0.797	-0.523	-0.473	3.17E+04
110000	7	0.576	-1.046	-7.162	4.417	5.765	6.116	6.271	6.469	6.888	7.009	7.107	5.263	5.786	6.348	6.742	7.106	6.129	-0.152	-0.459	-0.252	-0.801	-0.786	-0.805	-0.53	-0.476	1.86E+04
120000	7	0.582	-1.437	-7.454	4.312	5.663	6.018	6.174	6.373	6.794	6.916	7.015	5.157	5.686	6.25	6.646	7.01	6.03	-0.153	-0.465	-0.256	-0.803	-0.788	-0.812	-0.536	-0.478	8.71E+03
1500	7.5	0.317	19.506	1.071	23.203	20.817	18.434	18.314	20.176	20.209	20.188	21.158	24.229	19.57	18.18	20.426	20.053	18.369	1.708	5.349	3.724	-2.565	0.229	6.213	4.856	2.807	1.58E+10
1750	7.5	0.317	18.836	0.87	22.479	20.302	17.966	17.628	18.872	18.965	19.084	19.943	23.47	19.11	17.529	19.171	18.929	17.929	1.663	4.984	3.567	-1.58	0.873	5.811	4.497	2.677	1.39E+10
2000	7.5	0.317	18.256	0.646	21.847	19.854	17.61	17.092	17.787	17.959	18.18	18.891	22.816	18.726	17.055	18.115	17.979	17.588	1.589	4.696	3.378	-0.759	1.38	5.454	4.208	2.522	1.23E+10
2250	7.5	0.317	17.744	0.42	21.291	19.463	17.324	16.666	16.898	17.116	17.419	17.991	22.241	18.395	16.713	17.263	17.184	17.307	1.508	4.428	3.198	-0.103	1.714	5.124	3.949	2.372	1.10E+10
2500	7.5	0.317	17.285	0.196	20.808	19.127	17.089	16.331	16.191	16.408	16.764	17.207	21.74	18.113	16.464	16.608	16.535	17.073	1.432	4.188	3.034	0.405	1.884	4.828	3.72	2.237	1.01E+10
2750	7.5	0.317	16.871	0.003	20.349	18.803	16.868	16.044	15.629	15.795	16.178	16.52	21.267	17.84	16.252	16.101	15.998	16.851	1.357	3.968	2.878	0.77	1.931	4.553	3.512	2.108	8.88E+09
3000	7.5	0.317	16.492	-0.164	19.906	18.49	16.656	15.802	15.207	15.251	15.635	15.896	20.811	17.577	16.063	15.725	15.572	16.639	1.283	3.757	2.726	0.996	1.897	4.289	3.313	1.981	7.77E+09
3250	7.5	0.318	16.144	-0.301	19.463	18.175	16.445	15.593	14.902	14.758	15.102	15.3	20.356	17.312	15.882	15.45	15.248	16.426	1.208	3.55	2.573	1.095	1.815	4.027	3.117	1.853	6.75E+09
3500	7.5	0.318	15.821	-0.406	19.006	17.849	16.227	15.4	14.676	14.324	14.589	14.729	19.888	17.039	15.698	15.236	15.003	16.208	1.131	3.339	2.416	1.104	1.705	3.761	2.919	1.722	5.70E+09
3750	7.5	0.319	15.519	-0.474	18.52	17.501	15.993	15.205	14.485	13.952	14.095	14.171	19.392	16.745	15.5	15.045	14.803	15.973	1.051	3.118	2.251	1.06	1.578	3.483	2.712	1.584	4.72E+09
4000	7.5	0.319	15.237	-0.491	17.97	17.107	15.728	14.992	14.299	13.657	13.647	13.656	18.83	16.412	15.277	14.851	14.62	15.708	0.961	2.869	2.064	0.978	1.429	3.171	2.478	1.428	4.16E+09
4250	7.5	0.32	14.972	-0.464	17.376	16.679	15.436	14.756	14.102	13.436	13.27	13.245	18.226	16.048	15.028	14.642	14.434	15.416	0.869	2.606	1.868	0.881	1.274	2.844	2.232	1.266	3.67E+09
4500	7.5	0.321	14.72	-0.407	16.758	16.233	15.126	14.505	13.896	13.261	12.977	12.924	17.599	15.666	14.763	14.421	14.243	15.107	0.779	2.336	1.671	0.776	1.118	2.512	1.978	1.104	3.14E+09
4750	7.5	0.323	14.479	-0.336	16.155	15.795	14.815	14.25	13.687	13.102	12.766	12.677	16.987	15.287	14.494	14.198	14.051	14.797	0.697	2.079	1.489	0.673	0.973	2.199	1.736	0.955	2.66E+09
5000	7.5	0.326	14.247	-0.266	15.574	15.376	14.513	14	13.482	12.95	12.609	12.507	16.399	14.921	14.231	13.978	13.862	14.495	0.624	1.827	1.323	0.575	0.839	1.902	1.503	0.82	2.16E+09
5250	7.5	0.329	14.022	-0.209	15.026	14.988	14.23	13.765	13.288	12.807	12.479	12.384	15.846	14.581	13.985	13.771	13.683	14.214	0.559	1.582	1.174	0.486	0.72	1.623	1.279	0.701	1.74E+09
5500	7.5	0.333	13.809	-0.169	14.526	14.644	13.978	13.555	13.115	12.679	12.369	12.285	15.342	14.278	13.765	13.586	13.523	13.962	0.504	1.345	1.046	0.406	0.615	1.365	1.07	0.598	1.51E+09
6000	7.5	0.338	13.415	-0.135	13.716	14.074	13.55	13.199	12.823	12.461	12.182	12.127	14.533	13.77	13.392	13.273	13.253	13.536	0.416	0.991	0.856	0.27	0.442	0.987	0.769	0.442	1.23E+09
6500	7.5	0.341	13.058	-0.136	13.129	13.62	13.194	12.9	12.578	12.28	12.034	12.002	13.949	13.356	13.081	13.012	13.027	13.182	0.35	0.798	0.73	0.158	0.305	0.765	0.604	0.333	1.02E+09
7000	7.5	0.343	12.729	-0.154	12.676	13.24	12.883	12.636	12.36	12.122	11.911	11.897	13.499	13.002	12.806	12.778	12.825	12.872	0.299	0.691	0.642	0.066	0.197	0.63	0.514	0.253	8.61E+08
7500	7.5	0.345	12.422	-0.181	12.308	12.909	12.603	12.395	12.159	11.978	11.802	11.803	13.134	12.69	12.557	12.565	12.64	12.594	0.258	0.635	0.58	-0.014	0.106	0.549	0.469	0.191	7.33E+08
8000	7.5	0.347	12.135	-0.211	11.999	12.614	12.346	12.174	11.974	11.847	11.705	11.716	12.828	12.407	12.328	12.368	12.469	12.337	0.223	0.612	0.535	-0.086	0.025	0.505	0.456	0.142	6.28E+08
8500	7.5	0.349	11.865	-0.24	11.733	12.345	12.106	11.967	11.803	11.725	11.614	11.635	12.565	12.146	12.114	12.184	12.312	12.097	0.191	0.614	0.504	-0.155	-0.049	0.487	0.466	0.104	5.41E+08
9000	7.5	0.352	11.61	-0.269	11.498	12.097	11.879	11.773	11.643	11.612	11.531	11.559	12.334	11.903	11.914	12.012	12.166	11.87	0.163	0.631	0.484	-0.223	-0.118	0.487	0.49	0.074	4.68E+08
9500	7.5	0.354	11.368	-0.298	11.287	11.867	11.666	11.592	11.495	11.507	11.453	11.488	12.125	11.678	11.728	11.853	12.032	11.658	0.137	0.655	0.47	-0.288	-0.183	0.496	0.519	0.05	4.07E+08
10000	7.5	0.356	11.138	-0.334	11.094	11.658	11.472	11.428	11.363	11.412	11.383	11.422	11.935	11.472	11.558	11.71	11.912	11.464	0.114	0.679	0.458	-0.351	-0.244	0.504	0.546	0.029	3.54E+08
10500	7.5	0.359	10.92	-0.386	10.924	11.477	11.306	11.288	11.252	11.331	11.323	11.364	11.767	11.294	11.414	11.589	11.812	11.297	0.092	0.694	0.446	-0.407	-0.299	0.506	0.565	0.009	3.10E+08
11000	7.5	0.361	10.711	-0.46	10.777	11.326	11.171	11.176	11.163	11.266	11.272	11.315	11.621	11.147	11.298	11.493	11.732	11.163	0.072	0.7	0.431	-0.454	-0.348	0.497	0.571	-0.01	2.72E+08
11500	7.5	0.363	10.513	-0.554	10.657	11.206	11.066	11.09	11.096	11.216	11.231	11.274	11.502	11.031	11.208	11.42	11.67	11.058	0.053	0.702	0.418	-0.492	-0.39	0.484	0.573	-0.029	2.38E+08
12000	7.5	0.364	10.322	-0.668	10.564	11.115	10.99	11.028	11.047	11.177	11.197	11.24	11.41	10.944	11.143	11.367	11.624	10.983	0.036	0.7	0.404	-0.519	-0.423	0.468	0.57	-0.046	2.10E+08
12500	7.5	0.366	10.139	-0.776	10.466	11.024	10.916	10.966	10.996	11.137	11.161	11.204	11.311	10.858	11.079	11.314	11.576	10.909	0.02	0.689	0.385	-0.543	-0.454	0.444	0.559	-0.066	1.85E+08
13000	7.5	0.368	9.964	-0.876	10.355	10.929	10.84	10.899	10.94	11.093	11.122	11.166	11.201	10.77	11.01	11.255	11.523	10.834	0.007	0.665	0.36	-0.563	-0.48	0.41	0.537	-0.089	1.63E+08
13500	7.5	0.37	9.795	-0.972	10.24	10.836	10.767	10.832	10.883	11.046	11.08	11.127	11.086	10.684	10.941	11.195	11.469	10.762	-0.003	0.631	0.332	-0.577	-0.5	0.368	0.506	-0.112	1.44E+08
14000	7.5	0.372	9.631	-1.067	10.127	10.748	10.698	10.769	10.827	11.001	11.04	11.088	10.973	10.604	10.876	11.137	11.415	10.694	-0.013	0.592	0.304	-0.589	-0.517	0.324	0.471	-0.133	1.27E+08
14500	7.5	0.373	9.474	-1.159	10.018	10.665	10.633	10.707	10.772	10.956	10.999	11.05	10.864	10.527	10.813	11.081	11.363	10.63	-0.02	0.553	0.278	-0.6	-0.532	0.279	0.434	-0.152	1.13E+08
15000	7.5	0.375	9.321	-1.249	9.912	10.586	10.57	10.648	10.719	10.913	10.959	11.012	10.758	10.454	10.752	11.026	11.312	10.568	-0.027	0.515	0.253	-0.609	-0.545	0.236	0.398	-0.169	9.98E+07
15500	7.5	0.377	9.174	-1.336	9.81	10.51	10.509	10.591	10.667	10.87	10.92	10.975	10.656	10.385	10.694	10.973	11.262	10.508	-0.033	0.476	0.231	-0.617	-0.556	0.194	0.362	-0.184	8.87E+07
16000	7.5	0.379	9.03	-1.42	9.711	10.437	10.451	10.535	10.617	10.828	10.881	10.938	10.557	10.318	10.637	10.921	11.213	10.45	-0.039	0.44	0.211	-0.625	-0.567	0.154	0.328	-0.198	7.89E+07
16500	7.5	0.381	8.891	-1.502	9.617	10.368	10.394	10.481	10.568	10.788	10.843	10.902	10.462	10.253	10.582	10.871	11.165	10.393	-0.044	0.404	0.192	-0.632	-0.576	0.116	0.294	-0.21	7.05E+07
17000	7.5	0.383	8.756	-1.582	9.525	10.3	10.338	10.429	10.52	10.747	10.806	10.867	10.371	10.191	10.528	10.821	11.119	10.339	-0.048	0.37	0.176	-0.639	-0.585	0.08	0.262	-0.221	6.32E+07
20000	7.5	0.394	8.019	-2.014	9.036	9.936	10.033	10.138	10.251	10.521	10.594	10.666	9.881	9.852	10.233	10.547	10.859	10.036	-0.071	0.197	0.094	-0.674	-0.629	-0.105	0.098	-0.273	3.17E+07
25000	7.5	0.411	7.003	-2.592	8.379	9.427	9.596	9.72	9.863	10.187	10.279	10.367	9.224	9.372	9.809	10.15	10.482	9.601	-0.098	-0.007	-0.003	-0.721	-0.685	-0.324	-0.096	-0.335	1.68E+07
30000	7.5	0.428	6.169	-3.013	7.797	8.956	9.182	9.32	9.486	9.853	9.962	10.063	8.642	8.926	9.404	9.767	10.114	9.19	-0.118	-0.165	-0.081	-0.755	-0.725	-0.493	-0.247	-0.382	9.66E+06
35000	7.5	0.45	5.445	-3.384	7.334	8.562	8.828	8.97	9.146	9.534	9.648	9.748	8.179	8.549	9.052	9.424	9.777	8.837	-0.128	-0.269	-0.136	-0.768	-0.742	-0.603	-0.347	-0.409	4.59E+06
40000	7.5	0.464	4.83	-3.774	7.058	8.318	8.605	8.749	8.93	9.327	9.443	9.542	7.903	8.314	8.83	9.207	9.563	8.615	-0.133	-0.319	-0.164	-0.776	-0.752	-0.655	-0.396	-0.424	3.10E+06
45000	7.5	0.48	4.283	-4.151	6.855	8.134	8.434	8.58	8.764	9.166	9.282	9.381	7.7	8.135	8.66	9.041	9.398	8.444	-0.137	-0.348	-0.181	-0.78	-0.758	-0.687	-0.424	-0.433	2.25E+06
50000	7.5	0.496	3.79	-4.5	6.689	7.981	8.29	8.438	8.624	9.029	9.146	9.244	7.533	7.986	8.517	8.9	9.258	8.3	-0.139	-0.369	-0.194	-0.784	-0.763	-0.709	-0.444	-0.44	1.69E+06
55000	7.5	0.512	3.341	-4.822	6.545	7.848	8.163	8.312	8.501	8.908	9.025	9.124	7.39	7.855	8.391	8.776	9.135	8.174	-0.141	-0.385	-0.204	-0.786	-0.766	-0.726	-0.46	-0.446	1.29E+06
60000	7.5	0.527	2.932	-5.119	6.418	7.729	8.05	8.2	8.39	8.799	8.917	9.015	7.263	7.739	8.279	8.665	9.025	8.062	-0.143	-0.398	-0.211	-0.789	-0.769	-0.74	-0.472	-0.45	9.63E+05
65000	7.5	0.541	2.555	-5.393	6.305	7.622	7.948	8.099	8.29	8.7	8.819	8.917	7.15	7.633	8.177	8.565	8.925	7.96	-0.144	-0.408	-0.218	-0.791	-0.772	-0.751	-0.482	-0.454	7.40E+05
70000	7.5	0.555	2.206	-5.648	6.201	7.523	7.854	8.005	8.197	8.609	8.728	8.826	7.046	7.537	8.083	8.472	8.832	7.865	-0.146	-0.417	-0.224	-0.792	-0.774	-0.76	-0.49	-0.457	5.68E+05
75000	7.5	0.569	1.88	-5.885	6.104	7.431	7.765	7.918	8.111	8.524	8.643	8.741	6.949	7.446	7.995	8.385	8.746	7.777	-0.147	-0.425	-0.229	-0.794	-0.776	-0.769	-0.498	-0.46	4.47E+05
80000	7.5	0.583	1.572	-6.107	6.01	7.342	7.679	7.832	8.026	8.44	8.56	8.657	6.855	7.358	7.909	8.3	8.662	7.691	-0.148	-0.432	-0.233	-0.795	-0.778	-0.776	-0.504	-0.463	3.54E+05
85000	7.5	0.599	1.281	-6.315	5.921	7.256	7.596	7.749	7.944	8.359	8.479	8.577	6.766	7.273	7.826	8.218	8.58	7.608	-0.149	-0.437	-0.237	-0.797	-0.78	-0.782	-0.51	-0.465	2.73E+05
90000	7.5	0.613	1.006	-6.511	5.836	7.175	7.517	7.671	7.867	8.283	8.403	8.501	6.682	7.193	7.748	8.141	8.503	7.53	-0.149	-0.443	-0.24	-0.798	-0.781	-0.788	-0.515	-0.467	2.06E+05
100000	7.5	0.639	0.503	-6.871	5.683	7.027	7.374	7.529	7.726	8.144	8.265	8.363	6.529	7.047	7.606	8	8.363	7.387	-0.151	-0.452	-0.246	-0.8	-0.784	-0.798	-0.523	-0.471	1.24E+05
110000	7.5	0.667	0.043	-7.196	5.539	6.888	7.239	7.394	7.593	8.012	8.133	8.232	6.385	6.909	7.471	7.866	8.23	7.251	-0.152	-0.459	-0.251	-0.802	-0.786	-0.806	-0.53	-0.474	8.94E+04
120000	7.5	0.699	-0.384	-7.491	5.4	6.752	7.106	7.263	7.462	7.883	8.005	8.104	6.246	6.775	7.339	7.735	8.1	7.119	-0.153	-0.465	-0.256	-0.804	-0.789	-0.813	-0.536	-0.476	7.29E+04
1500	8	0.575	20.108	1.126	23.487	21.203	18.982	18.988	20.914	20.838	20.793	21.753	24.5	20.017	18.852	21.197	20.772	18.901	1.581	5.203	3.528	-2.786	-0.155	5.938	4.691	2.64	1.48E+10
1750	8	0.575	19.438	0.941	22.836	20.73	18.498	18.271	19.622	19.623	19.698	20.538	23.82	19.578	18.163	19.938	19.662	18.447	1.588	4.879	3.44	-1.822	0.55	5.636	4.388	2.571	1.41E+10
2000	8	0.575	18.858	0.729	22.245	20.309	18.129	17.701	18.523	18.619	18.797	19.5	23.208	19.207	17.646	18.853	18.699	18.098	1.544	4.606	3.296	-0.994	1.126	5.326	4.119	2.454	1.35E+10
2250	8	0.575	18.347	0.512	21.718	19.935	17.835	17.249	17.608	17.794	18.063	18.631	22.661	18.884	17.269	17.965	17.886	17.813	1.482	4.356	3.143	-0.314	1.527	5.031	3.879	2.328	1.29E+10
2500	8	0.575	17.889	0.294	21.251	19.608	17.595	16.894	16.874	17.088	17.423	17.871	22.18	18.606	16.996	17.272	17.215	17.577	1.416	4.128	2.997	0.22	1.759	4.757	3.663	2.207	1.24E+10
2750	8	0.575	17.475	0.097	20.815	19.298	17.377	16.598	16.285	16.483	16.857	17.208	21.73	18.343	16.777	16.732	16.66	17.36	1.349	3.921	2.854	0.617	1.854	4.501	3.467	2.089	1.18E+10
3000	8	0.575	17.097	-0.073	20.391	18.996	17.17	16.347	15.829	15.938	16.324	16.594	21.294	18.087	16.586	16.324	16.208	17.151	1.28	3.724	2.713	0.883	1.853	4.255	3.282	1.971	1.13E+10
3250	8	0.576	16.749	-0.213	19.965	18.69	16.962	16.131	15.491	15.444	15.808	16.019	20.857	17.829	16.405	16.021	15.856	16.943	1.209	3.529	2.569	1.021	1.79	4.009	3.098	1.851	1.08E+10
3500	8	0.576	16.427	-0.324	19.528	18.375	16.75	15.936	15.245	15	15.307	15.466	20.409	17.563	16.224	15.793	15.589	16.73	1.135	3.331	2.42	1.058	1.692	3.759	2.913	1.727	1.03E+10
3750	8	0.576	16.126	-0.4	19.069	18.044	16.527	15.747	15.048	14.613	14.82	14.927	19.941	17.283	16.036	15.599	15.378	16.506	1.058	3.127	2.265	1.031	1.574	3.5	2.721	1.597	9.65E+09
4000	8	0.576	15.845	-0.431	18.552	17.672	16.277	15.545	14.866	14.294	14.364	14.41	19.413	16.969	15.826	15.412	15.195	16.256	0.972	2.896	2.088	0.961	1.433	3.208	2.505	1.449	9.01E+09
4250	8	0.577	15.581	-0.421	17.99	17.267	16.002	15.325	14.68	14.054	13.967	13.966	18.842	16.625	15.594	15.216	15.017	15.982	0.882	2.648	1.9	0.87	1.282	2.896	2.272	1.292	8.35E+09
4500	8	0.578	15.332	-0.379	17.4	16.842	15.711	15.089	14.485	13.87	13.648	13.621	18.242	16.262	15.346	15.008	14.835	15.691	0.793	2.389	1.708	0.772	1.131	2.575	2.028	1.134	7.58E+09
4750	8	0.578	15.095	-0.319	16.811	16.417	15.414	14.847	14.287	13.713	13.414	13.348	17.645	15.896	15.09	14.796	14.653	15.395	0.71	2.133	1.524	0.671	0.985	2.262	1.788	0.983	6.74E+09
5000	8	0.58	14.87	-0.255	16.251	16.012	15.126	14.611	14.094	13.57	13.248	13.157	17.078	15.545	14.841	14.589	14.475	15.108	0.636	1.891	1.358	0.576	0.852	1.973	1.563	0.848	5.69E+09
5250	8	0.582	14.654	-0.198	15.723	15.634	14.853	14.385	13.91	13.435	13.119	13.028	16.544	15.214	14.605	14.392	14.305	14.836	0.571	1.659	1.21	0.487	0.732	1.703	1.35	0.729	4.40E+09
5500	8	0.584	14.447	-0.156	15.235	15.291	14.603	14.178	13.74	13.311	13.01	12.928	16.053	14.914	14.388	14.21	14.149	14.587	0.514	1.438	1.079	0.407	0.626	1.454	1.15	0.624	3.17E+09
6000	8	0.588	14.063	-0.117	14.403	14.718	14.181	13.828	13.453	13.1	12.831	12.774	15.218	14.407	14.022	13.902	13.884	14.167	0.422	1.053	0.874	0.271	0.449	1.04	0.816	0.458	2.24E+09
6500	8	0.59	13.712	-0.121	13.786	14.264	13.832	13.538	13.216	12.925	12.686	12.652	14.604	13.998	13.719	13.649	13.666	13.82	0.354	0.816	0.737	0.159	0.31	0.78	0.616	0.341	1.83E+09
7000	8	0.592	13.387	-0.144	13.318	13.889	13.531	13.284	13.007	12.773	12.566	12.551	14.139	13.652	13.455	13.425	13.473	13.52	0.302	0.683	0.644	0.066	0.2	0.621	0.503	0.257	1.52E+09
7500	8	0.593	13.084	-0.177	12.943	13.567	13.261	13.053	12.815	12.637	12.461	12.461	13.767	13.349	13.216	13.221	13.296	13.251	0.26	0.608	0.58	-0.012	0.109	0.523	0.441	0.195	1.27E+09
8000	8	0.595	12.801	-0.212	12.631	13.282	13.014	12.84	12.637	12.511	12.367	12.378	13.458	13.077	12.995	13.031	13.132	13.004	0.226	0.57	0.536	-0.082	0.032	0.464	0.413	0.148	1.08E+09
8500	8	0.596	12.535	-0.249	12.363	13.024	12.784	12.642	12.472	12.395	12.28	12.301	13.192	12.828	12.791	12.855	12.98	12.775	0.196	0.556	0.507	-0.146	-0.038	0.433	0.407	0.112	9.17E+08
9000	8	0.598	12.285	-0.283	12.128	12.788	12.568	12.456	12.318	12.287	12.2	12.228	12.959	12.597	12.599	12.69	12.839	12.559	0.17	0.558	0.488	-0.209	-0.102	0.419	0.415	0.085	7.92E+08
9500	8	0.599	12.047	-0.318	11.915	12.57	12.365	12.282	12.174	12.187	12.124	12.159	12.749	12.383	12.42	12.536	12.708	12.356	0.147	0.568	0.477	-0.269	-0.162	0.416	0.43	0.064	6.89E+08
10000	8	0.6	11.822	-0.354	11.722	12.37	12.176	12.122	12.043	12.095	12.054	12.095	12.557	12.185	12.255	12.394	12.59	12.167	0.127	0.581	0.47	-0.328	-0.217	0.417	0.447	0.049	6.03E+08
10500	8	0.602	11.607	-0.4	11.547	12.19	12.008	11.98	11.928	12.013	11.992	12.037	12.384	12.008	12.109	12.27	12.486	11.998	0.108	0.591	0.464	-0.382	-0.268	0.415	0.46	0.035	5.31E+08
11000	8	0.603	11.403	-0.463	11.393	12.037	11.866	11.861	11.833	11.945	11.939	11.987	12.232	11.857	11.986	12.166	12.4	11.856	0.091	0.593	0.455	-0.429	-0.313	0.407	0.464	0.021	4.70E+08
11500	8	0.604	11.208	-0.542	11.258	11.907	11.749	11.763	11.755	11.888	11.893	11.943	12.098	11.732	11.885	12.082	12.329	11.74	0.075	0.589	0.444	-0.469	-0.353	0.392	0.461	0.007	4.18E+08
12000	8	0.606	11.021	-0.633	11.144	11.799	11.654	11.684	11.693	11.842	11.855	11.907	11.985	11.627	11.802	12.015	12.272	11.644	0.06	0.584	0.433	-0.503	-0.388	0.377	0.456	-0.007	3.74E+08
12500	8	0.607	10.841	-0.742	11.058	11.717	11.584	11.626	11.648	11.807	11.826	11.878	11.899	11.548	11.742	11.966	12.231	11.574	0.046	0.58	0.423	-0.528	-0.417	0.362	0.452	-0.019	3.35E+08
13000	8	0.608	10.669	-0.854	10.979	11.644	11.523	11.576	11.607	11.775	11.798	11.85	11.82	11.479	11.69	11.924	12.193	11.514	0.033	0.573	0.411	-0.549	-0.442	0.345	0.444	-0.032	3.01E+08
13500	8	0.609	10.503	-0.956	10.891	11.565	11.458	11.521	11.563	11.74	11.767	11.82	11.732	11.404	11.633	11.877	12.151	11.45	0.02	0.559	0.394	-0.569	-0.467	0.322	0.431	-0.049	2.70E+08
14000	8	0.61	10.343	-1.05	10.794	11.482	11.393	11.464	11.515	11.701	11.733	11.787	11.635	11.328	11.573	11.826	12.106	11.386	0.009	0.537	0.372	-0.586	-0.49	0.29	0.411	-0.07	2.43E+08
14500	8	0.611	10.188	-1.142	10.695	11.402	11.33	11.406	11.466	11.662	11.698	11.754	11.537	11.254	11.515	11.775	12.059	11.324	-0.001	0.508	0.347	-0.599	-0.509	0.254	0.385	-0.091	2.19E+08
15000	8	0.613	10.039	-1.232	10.597	11.325	11.271	11.351	11.418	11.623	11.663	11.721	11.439	11.183	11.458	11.725	12.013	11.265	-0.01	0.476	0.322	-0.61	-0.524	0.216	0.356	-0.111	1.97E+08
15500	8	0.614	9.895	-1.319	10.501	11.251	11.213	11.298	11.371	11.584	11.628	11.688	11.344	11.116	11.403	11.676	11.968	11.209	-0.018	0.443	0.297	-0.619	-0.538	0.178	0.326	-0.129	1.78E+08
16000	8	0.615	9.755	-1.404	10.409	11.181	11.159	11.246	11.324	11.546	11.594	11.656	11.251	11.052	11.35	11.628	11.923	11.155	-0.024	0.41	0.275	-0.627	-0.551	0.14	0.295	-0.146	1.60E+08
16500	8	0.616	9.619	-1.486	10.319	11.113	11.105	11.196	11.279	11.509	11.56	11.623	11.162	10.989	11.298	11.582	11.88	11.102	-0.031	0.378	0.254	-0.635	-0.562	0.104	0.265	-0.161	1.45E+08
17000	8	0.617	9.488	-1.566	10.233	11.048	11.054	11.147	11.235	11.473	11.527	11.592	11.075	10.93	11.249	11.537	11.837	11.051	-0.036	0.346	0.234	-0.642	-0.572	0.069	0.236	-0.174	1.30E+08
20000	8	0.624	8.77	-2	9.768	10.699	10.77	10.877	10.99	11.267	11.337	11.412	10.61	10.607	10.974	11.284	11.599	10.77	-0.062	0.181	0.141	-0.677	-0.621	-0.112	0.08	-0.236	6.90E+07
25000	8	0.635	7.782	-2.578	9.139	10.21	10.36	10.487	10.629	10.959	11.049	11.14	9.982	10.151	10.577	10.915	11.249	10.364	-0.092	-0.019	0.031	-0.724	-0.68	-0.33	-0.109	-0.308	2.22E+07
30000	8	0.646	6.972	-3.001	8.583	9.758	9.972	10.112	10.276	10.648	10.755	10.857	9.426	9.726	10.197	10.557	10.905	9.979	-0.114	-0.174	-0.058	-0.757	-0.722	-0.497	-0.256	-0.361	9.24E+06
35000	8	0.661	6.277	-3.378	8.159	9.396	9.655	9.798	9.973	10.364	10.477	10.579	9.003	9.382	9.881	10.251	10.605	9.663	-0.126	-0.273	-0.121	-0.77	-0.741	-0.604	-0.352	-0.395	6.33E+06
40000	8	0.672	5.679	-3.773	7.905	9.172	9.452	9.598	9.779	10.178	10.294	10.395	8.749	9.167	9.679	10.056	10.412	9.462	-0.131	-0.321	-0.152	-0.777	-0.751	-0.655	-0.398	-0.412	4.02E+06
45000	8	0.682	5.151	-4.152	7.724	9.009	9.303	9.451	9.635	10.039	10.156	10.256	8.568	9.009	9.531	9.911	10.269	9.313	-0.135	-0.35	-0.172	-0.782	-0.758	-0.687	-0.426	-0.424	2.81E+06
50000	8	0.694	4.676	-4.503	7.578	8.875	9.179	9.328	9.515	9.922	10.04	10.14	8.422	8.879	9.408	9.79	10.149	9.189	-0.138	-0.37	-0.186	-0.785	-0.763	-0.709	-0.446	-0.432	1.82E+06
55000	8	0.703	4.247	-4.828	7.457	8.763	9.075	9.225	9.414	9.823	9.942	10.042	8.301	8.77	9.304	9.689	10.048	9.086	-0.14	-0.386	-0.197	-0.788	-0.766	-0.726	-0.461	-0.438	1.53E+06
60000	8	0.713	3.854	-5.127	7.348	8.663	8.981	9.132	9.322	9.733	9.852	9.952	8.193	8.672	9.21	9.597	9.957	8.992	-0.142	-0.399	-0.206	-0.79	-0.77	-0.74	-0.473	-0.444	1.26E+06
65000	8	0.722	3.492	-5.403	7.252	8.572	8.895	9.047	9.238	9.652	9.771	9.871	8.096	8.583	9.125	9.513	9.874	8.906	-0.144	-0.409	-0.213	-0.792	-0.772	-0.751	-0.483	-0.448	1.06E+06
70000	8	0.732	3.156	-5.66	7.163	8.488	8.816	8.969	9.161	9.576	9.696	9.795	8.008	8.501	9.047	9.436	9.797	8.828	-0.145	-0.418	-0.22	-0.794	-0.775	-0.76	-0.491	-0.452	9.01E+05
75000	8	0.741	2.843	-5.899	7.081	8.411	8.743	8.896	9.09	9.505	9.626	9.725	7.926	8.426	8.973	9.364	9.726	8.754	-0.146	-0.425	-0.225	-0.796	-0.777	-0.769	-0.498	-0.455	7.77E+05
80000	8	0.75	2.55	-6.123	7.004	8.338	8.673	8.827	9.022	9.439	9.559	9.659	7.849	8.354	8.904	9.296	9.658	8.685	-0.148	-0.432	-0.23	-0.797	-0.779	-0.776	-0.505	-0.458	6.76E+05
85000	8	0.759	2.274	-6.333	6.931	8.269	8.607	8.761	8.957	9.375	9.496	9.595	7.777	8.286	8.838	9.231	9.593	8.619	-0.149	-0.438	-0.234	-0.799	-0.781	-0.782	-0.51	-0.461	5.91E+05
90000	8	0.768	2.013	-6.531	6.863	8.203	8.544	8.699	8.895	9.314	9.436	9.535	7.708	8.221	8.776	9.169	9.532	8.556	-0.149	-0.443	-0.238	-0.8	-0.782	-0.788	-0.515	-0.463	5.20E+05
100000	8	0.785	1.53	-6.895	6.734	8.079	8.425	8.581	8.779	9.199	9.321	9.42	7.579	8.099	8.658	9.052	9.416	8.438	-0.151	-0.452	-0.245	-0.802	-0.785	-0.798	-0.524	-0.468	4.02E+05
110000	8	0.804	1.091	-7.223	6.615	7.965	8.314	8.471	8.67	9.091	9.214	9.313	7.46	7.986	8.547	8.943	9.308	8.327	-0.152	-0.459	-0.25	-0.804	-0.788	-0.806	-0.531	-0.471	3.08E+05
120000	8	0.824	0.686	-7.521	6.501	7.855	8.208	8.365	8.566	8.988	9.111	9.211	7.347	7.877	8.441	8.838	9.203	8.22	-0.154	-0.466	-0.255	-0.806	-0.79	-0.813	-0.536	-0.474	2.34E+05
1500	8.5	0.908	20.862	1.139	23.919	21.763	19.723	19.843	21.772	21.578	21.482	22.402	24.911	20.648	19.709	22.113	21.604	19.633	1.432	4.976	3.299	-2.916	-0.487	5.579	4.462	2.444	1.21E+10
1750	8.5	0.908	20.192	0.992	23.325	21.312	19.2	19.08	20.503	20.364	20.406	21.233	24.298	20.206	18.969	20.826	20.527	19.137	1.496	4.735	3.29	-2.024	0.252	5.411	4.241	2.445	1.20E+10
2000	8.5	0.908	19.612	0.812	22.77	20.901	18.8	18.461	19.376	19.419	19.583	20.286	23.725	19.83	18.394	19.713	19.54	18.76	1.486	4.499	3.195	-1.192	0.878	5.172	4.014	2.37	1.19E+10
2250	8.5	0.908	19.101	0.589	22.293	20.562	18.512	18.003	18.466	18.605	18.839	19.398	23.231	19.532	18.001	18.823	18.732	18.485	1.447	4.272	3.078	-0.506	1.324	4.921	3.799	2.274	1.17E+10
2500	8.5	0.908	18.643	0.381	21.846	20.242	18.262	17.623	17.715	17.908	18.214	18.66	22.77	19.254	17.698	18.101	18.049	18.24	1.395	4.063	2.952	0.035	1.611	4.677	3.602	2.171	1.16E+10
2750	8.5	0.908	18.229	0.187	21.43	19.944	18.042	17.312	17.105	17.31	17.667	18.018	22.342	18.998	17.461	17.531	17.481	18.022	1.338	3.871	2.827	0.454	1.759	4.446	3.421	2.067	1.14E+10
3000	8.5	0.908	17.851	0.017	21.025	19.652	17.835	17.048	16.617	16.772	17.155	17.438	21.926	18.748	17.262	17.088	17.008	17.815	1.276	3.688	2.698	0.755	1.798	4.219	3.248	1.96	1.12E+10
3250	8.5	0.908	17.503	-0.127	20.618	19.357	17.631	16.823	16.245	16.28	16.655	16.874	21.508	18.497	17.079	16.755	16.628	17.61	1.21	3.506	2.564	0.933	1.762	3.99	3.078	1.849	1.11E+10
3500	8.5	0.908	17.182	-0.241	20.199	19.053	17.423	16.624	15.972	15.832	16.167	16.34	21.079	18.239	16.9	16.505	16.335	17.402	1.14	3.321	2.424	1.003	1.679	3.755	2.904	1.732	1.09E+10
3750	8.5	0.908	16.882	-0.325	19.762	18.735	17.207	16.436	15.762	15.432	15.69	15.821	20.634	17.969	16.718	16.303	16.108	17.186	1.067	3.131	2.278	0.997	1.571	3.512	2.726	1.609	1.07E+10
4000	8.5	0.909	16.601	-0.371	19.281	18.385	16.972	16.244	15.58	15.093	15.235	15.312	20.143	17.673	16.521	16.12	15.919	16.95	0.986	2.922	2.114	0.942	1.44	3.244	2.529	1.472	1.04E+10
4250	8.5	0.909	16.338	-0.375	18.75	18.001	16.713	16.036	15.4	14.827	14.823	14.851	19.604	17.347	16.303	15.932	15.744	16.692	0.898	2.69	1.935	0.861	1.295	2.95	2.312	1.322	1.00E+10
4500	8.5	0.909	16.089	-0.346	18.183	17.591	16.436	15.813	15.216	14.628	14.48	14.481	19.027	16.999	16.068	15.736	15.57	16.415	0.809	2.441	1.746	0.766	1.144	2.638	2.077	1.165	9.68E+09
4750	8.5	0.909	15.854	-0.299	17.612	17.181	16.153	15.584	15.028	14.469	14.218	14.178	18.448	16.647	15.826	15.535	15.396	16.133	0.725	2.19	1.563	0.67	1	2.329	1.842	1.014	9.23E+09
5000	8.5	0.91	15.631	-0.242	17.062	16.783	15.873	15.356	14.842	14.326	14.032	13.957	17.891	16.304	15.586	15.336	15.224	15.855	0.649	1.952	1.395	0.576	0.865	2.041	1.62	0.877	8.71E+09
5250	8.5	0.91	15.418	-0.188	16.542	16.41	15.607	15.137	14.663	14.195	13.895	13.81	17.365	15.979	15.355	15.144	15.059	15.589	0.583	1.724	1.245	0.487	0.744	1.773	1.41	0.756	8.03E+09
5500	8.5	0.911	15.215	-0.145	16.065	16.069	15.36	14.933	14.496	14.073	13.784	13.704	16.884	15.681	15.142	14.965	14.906	15.344	0.525	1.515	1.113	0.407	0.637	1.532	1.219	0.65	7.07E+09
6000	8.5	0.913	14.835	-0.099	15.229	15.488	14.934	14.581	14.207	13.862	13.604	13.545	16.044	15.169	14.774	14.656	14.639	14.92	0.43	1.133	0.898	0.27	0.457	1.111	0.88	0.477	5.24E+09
6500	8.5	0.914	14.486	-0.102	14.576	15.028	14.588	14.293	13.971	13.689	13.459	13.423	15.392	14.758	14.475	14.404	14.422	14.575	0.359	0.852	0.747	0.159	0.315	0.81	0.642	0.352	4.43E+09
7000	8.5	0.915	14.163	-0.13	14.085	14.654	14.293	14.046	13.769	13.541	13.339	13.323	14.905	14.416	14.218	14.187	14.236	14.282	0.304	0.687	0.646	0.066	0.202	0.623	0.503	0.263	3.79E+09
7500	8.5	0.916	13.863	-0.168	13.698	14.336	14.031	13.824	13.585	13.409	13.236	13.235	14.521	14.12	13.987	13.99	14.065	14.021	0.262	0.591	0.578	-0.012	0.111	0.506	0.422	0.199	3.26E+09
8000	8.5	0.916	13.582	-0.21	13.38	14.058	13.792	13.619	13.413	13.288	13.144	13.155	14.205	13.856	13.775	13.808	13.907	13.782	0.228	0.537	0.532	-0.079	0.035	0.432	0.378	0.152	2.79E+09
8500	8.5	0.917	13.318	-0.253	13.109	13.808	13.57	13.427	13.253	13.176	13.059	13.08	13.935	13.615	13.578	13.637	13.76	13.561	0.2	0.509	0.503	-0.141	-0.032	0.388	0.358	0.117	2.38E+09
9000	8.5	0.918	13.068	-0.294	12.871	13.581	13.363	13.248	13.103	13.072	12.979	13.008	13.699	13.394	13.393	13.477	13.622	13.354	0.175	0.498	0.485	-0.199	-0.091	0.363	0.354	0.092	2.02E+09
9500	8.5	0.919	12.833	-0.334	12.657	13.372	13.167	13.079	12.962	12.974	12.904	12.94	13.487	13.189	13.219	13.326	13.493	13.157	0.155	0.497	0.476	-0.255	-0.146	0.35	0.358	0.075	1.71E+09
10000	8.5	0.919	12.609	-0.374	12.461	13.178	12.983	12.921	12.831	12.884	12.834	12.875	13.293	12.998	13.057	13.186	13.374	12.973	0.137	0.499	0.471	-0.309	-0.196	0.343	0.364	0.063	1.44E+09
10500	8.5	0.92	12.396	-0.418	12.282	13.001	12.814	12.777	12.713	12.801	12.768	12.814	13.115	12.822	12.909	13.058	13.267	12.804	0.121	0.502	0.468	-0.361	-0.242	0.337	0.37	0.053	1.21E+09
11000	8.5	0.921	12.193	-0.473	12.121	12.844	12.666	12.652	12.61	12.728	12.711	12.76	12.955	12.668	12.78	12.947	13.174	12.655	0.106	0.501	0.464	-0.407	-0.284	0.329	0.37	0.045	1.04E+09
11500	8.5	0.922	12	-0.543	11.978	12.71	12.542	12.547	12.525	12.666	12.661	12.714	12.814	12.537	12.671	12.856	13.097	12.531	0.093	0.494	0.457	-0.447	-0.32	0.313	0.364	0.035	9.04E+08
12000	8.5	0.922	11.814	-0.624	11.851	12.595	12.438	12.458	12.454	12.614	12.617	12.673	12.688	12.425	12.58	12.779	13.031	12.426	0.08	0.482	0.447	-0.481	-0.353	0.294	0.353	0.025	8.02E+08
12500	8.5	0.923	11.636	-0.713	11.74	12.494	12.348	12.383	12.393	12.569	12.579	12.637	12.577	12.328	12.502	12.714	12.976	12.337	0.068	0.47	0.437	-0.511	-0.383	0.274	0.342	0.014	7.24E+08
13000	8.5	0.924	11.465	-0.812	11.65	12.412	12.277	12.323	12.346	12.533	12.548	12.608	12.487	12.249	12.44	12.663	12.932	12.265	0.057	0.461	0.427	-0.535	-0.408	0.258	0.334	0.004	6.55E+08
13500	8.5	0.924	11.3	-0.922	11.579	12.348	12.222	12.278	12.31	12.504	12.524	12.584	12.417	12.188	12.393	12.624	12.899	12.211	0.048	0.453	0.418	-0.554	-0.429	0.243	0.326	-0.005	5.93E+08
14000	8.5	0.925	11.141	-1.028	11.508	12.284	12.169	12.233	12.274	12.476	12.499	12.56	12.346	12.127	12.346	12.586	12.865	12.158	0.037	0.444	0.407	-0.572	-0.45	0.227	0.317	-0.015	5.37E+08
14500	8.5	0.926	10.988	-1.124	11.43	12.215	12.112	12.185	12.234	12.444	12.472	12.533	12.268	12.062	12.296	12.544	12.828	12.102	0.027	0.432	0.393	-0.589	-0.471	0.206	0.305	-0.029	4.87E+08
15000	8.5	0.926	10.84	-1.215	11.346	12.144	12.055	12.134	12.193	12.411	12.442	12.505	12.185	11.995	12.244	12.5	12.789	12.045	0.016	0.414	0.375	-0.604	-0.491	0.18	0.289	-0.046	4.44E+08
15500	8.5	0.927	10.697	-1.302	11.26	12.072	11.999	12.084	12.15	12.376	12.412	12.477	12.099	11.929	12.192	12.456	12.748	11.99	0.006	0.392	0.354	-0.617	-0.509	0.151	0.269	-0.064	4.06E+08
16000	8.5	0.927	10.558	-1.386	11.174	12.003	11.945	12.034	12.107	12.342	12.381	12.447	12.014	11.866	12.14	12.411	12.707	11.937	-0.002	0.366	0.333	-0.627	-0.525	0.119	0.247	-0.082	3.72E+08
16500	8.5	0.928	10.424	-1.469	11.089	11.936	11.893	11.986	12.065	12.307	12.351	12.418	11.929	11.804	12.091	12.367	12.667	11.886	-0.01	0.339	0.311	-0.636	-0.539	0.087	0.222	-0.1	3.42E+08
17000	8.5	0.929	10.294	-1.549	11.007	11.871	11.843	11.939	12.023	12.272	12.32	12.389	11.847	11.745	12.043	12.324	12.627	11.837	-0.017	0.311	0.29	-0.643	-0.551	0.054	0.197	-0.116	3.15E+08
20000	8.5	0.932	9.584	-1.984	10.556	11.524	11.568	11.678	11.788	12.075	12.14	12.218	11.397	11.427	11.776	12.082	12.399	11.566	-0.048	0.157	0.186	-0.68	-0.606	-0.121	0.054	-0.19	1.97E+08
25000	8.5	0.938	8.608	-2.563	9.943	11.04	11.171	11.3	11.441	11.78	11.865	11.958	10.785	10.978	11.392	11.727	12.063	11.173	-0.083	-0.036	0.062	-0.727	-0.671	-0.336	-0.127	-0.273	9.66E+07
30000	8.5	0.944	7.81	-2.986	9.401	10.595	10.796	10.937	11.101	11.478	11.582	11.686	10.244	10.562	11.024	11.381	11.73	10.801	-0.107	-0.187	-0.039	-0.759	-0.715	-0.502	-0.27	-0.336	4.70E+07
35000	8.5	0.954	7.128	-3.37	9	10.248	10.498	10.643	10.817	11.212	11.324	11.427	9.843	10.234	10.727	11.095	11.449	10.506	-0.122	-0.278	-0.109	-0.771	-0.737	-0.606	-0.359	-0.377	2.48E+07
40000	8.5	0.96	6.541	-3.771	8.764	10.039	10.312	10.459	10.639	11.041	11.156	11.259	9.608	10.033	10.541	10.916	11.272	10.321	-0.129	-0.324	-0.143	-0.778	-0.748	-0.656	-0.403	-0.398	9.76E+06
45000	8.5	0.966	6.023	-4.152	8.596	9.887	10.176	10.324	10.508	10.915	11.031	11.133	9.44	9.887	10.405	10.784	11.142	10.185	-0.133	-0.353	-0.164	-0.783	-0.755	-0.687	-0.43	-0.411	4.05E+06
50000	8.5	0.972	5.559	-4.506	8.463	9.766	10.065	10.215	10.402	10.811	10.929	11.031	9.308	9.77	10.295	10.677	11.036	10.075	-0.136	-0.373	-0.18	-0.787	-0.761	-0.709	-0.449	-0.421	2.02E+06
55000	8.5	0.977	5.14	-4.832	8.352	9.663	9.971	10.122	10.311	10.723	10.842	10.943	9.197	9.67	10.202	10.586	10.946	9.981	-0.139	-0.388	-0.192	-0.79	-0.765	-0.726	-0.463	-0.429	1.26E+06
60000	8.5	0.982	4.756	-5.132	8.255	9.573	9.888	10.04	10.23	10.644	10.764	10.865	9.1	9.583	10.119	10.505	10.866	9.898	-0.141	-0.4	-0.201	-0.792	-0.769	-0.74	-0.475	-0.435	9.14E+05
65000	8.5	0.987	4.403	-5.41	8.169	9.493	9.813	9.966	10.158	10.573	10.694	10.795	9.014	9.504	10.044	10.432	10.794	9.824	-0.143	-0.41	-0.209	-0.794	-0.772	-0.751	-0.484	-0.44	7.22E+05
70000	8.5	0.992	4.076	-5.669	8.091	9.419	9.744	9.898	10.091	10.508	10.629	10.73	8.936	9.432	9.976	10.365	10.727	9.755	-0.144	-0.419	-0.216	-0.796	-0.774	-0.76	-0.493	-0.445	6.02E+05
75000	8.5	0.997	3.77	-5.91	8.018	9.351	9.68	9.834	10.028	10.447	10.568	10.67	8.863	9.365	9.912	10.302	10.665	9.691	-0.146	-0.426	-0.222	-0.798	-0.777	-0.769	-0.5	-0.449	5.13E+05
80000	8.5	1.002	3.485	-6.135	7.951	9.287	9.62	9.775	9.97	10.39	10.512	10.613	8.796	9.303	9.853	10.244	10.607	9.632	-0.147	-0.433	-0.227	-0.799	-0.779	-0.776	-0.506	-0.453	4.51E+05
85000	8.5	1.006	3.217	-6.347	7.888	9.228	9.564	9.719	9.916	10.336	10.458	10.559	8.733	9.245	9.797	10.189	10.553	9.576	-0.148	-0.438	-0.232	-0.801	-0.781	-0.782	-0.511	-0.456	4.11E+05
90000	8.5	1.011	2.964	-6.547	7.829	9.171	9.511	9.666	9.864	10.285	10.408	10.509	8.674	9.189	9.743	10.137	10.501	9.522	-0.149	-0.444	-0.236	-0.802	-0.783	-0.788	-0.516	-0.459	3.86E+05
100000	8.5	1.019	2.498	-6.913	7.719	9.067	9.411	9.568	9.766	10.189	10.313	10.414	8.565	9.087	9.645	10.039	10.404	9.423	-0.151	-0.452	-0.243	-0.804	-0.786	-0.798	-0.524	-0.464	3.41E+05
110000	8.5	1.025	2.077	-7.245	7.622	8.973	9.322	9.479	9.679	10.103	10.227	10.329	8.467	8.995	9.556	9.952	10.317	9.334	-0.152	-0.46	-0.249	-0.806	-0.788	-0.806	-0.531	-0.468	2.57E+05
120000	8.5	1.028	1.696	-7.546	7.534	8.889	9.242	9.4	9.601	10.027	10.151	10.252	8.38	8.912	9.476	9.873	10.24	9.254	-0.153	-0.466	-0.254	-0.808	-0.791	-0.813	-0.537	-0.471	1.38E+05
1500	9	1.194	21.814	1.128	24.559	22.529	20.687	20.902	22.851	22.454	22.325	23.224	25.538	21.498	20.768	23.211	22.666	20.597	1.26	4.769	3.037	-3.031	-0.795	5.231	4.266	2.214	7.33E+09
1750	9	1.194	21.145	1.025	24.018	22.095	20.12	20.102	21.562	21.315	21.31	22.093	24.981	21.041	19.988	21.916	21.563	20.046	1.389	4.594	3.12	-2.18	-0.033	5.177	4.1	2.301	7.31E+09
2000	9	1.194	20.565	0.862	23.506	21.711	19.703	19.459	20.431	20.391	20.511	21.193	24.453	20.676	19.384	20.786	20.587	19.653	1.418	4.38	3.081	-1.362	0.619	4.997	3.898	2.273	7.29E+09
2250	9	1.194	20.054	0.659	23.05	21.378	19.394	18.968	19.516	19.579	19.783	20.332	23.982	20.375	18.949	19.88	19.771	19.361	1.399	4.176	2.993	-0.687	1.104	4.787	3.707	2.203	7.27E+09
2500	9	1.194	19.596	0.46	22.628	21.071	19.136	18.567	18.753	18.911	19.19	19.628	23.547	20.102	18.617	19.136	19.079	19.111	1.363	3.987	2.892	-0.138	1.439	4.577	3.529	2.121	7.25E+09
2750	9	1.194	19.182	0.273	22.233	20.782	18.91	18.237	18.131	18.321	18.649	18.985	23.141	19.849	18.358	18.543	18.504	18.888	1.318	3.812	2.786	0.287	1.636	4.373	3.365	2.034	7.22E+09
3000	9	1.194	18.804	0.103	21.85	20.503	18.701	17.959	17.621	17.797	18.166	18.446	22.748	19.607	18.144	18.07	18.018	18.68	1.267	3.645	2.675	0.611	1.722	4.171	3.209	1.942	7.20E+09
3250	9	1.194	18.457	-0.042	21.465	20.221	18.499	17.721	17.217	17.313	17.686	17.909	22.353	19.364	17.955	17.703	17.615	18.478	1.209	3.478	2.555	0.826	1.722	3.964	3.053	1.843	7.17E+09
3500	9	1.194	18.135	-0.158	21.062	19.925	18.293	17.511	16.909	16.865	17.218	17.399	21.942	19.111	17.773	17.424	17.292	18.271	1.145	3.306	2.426	0.934	1.662	3.746	2.891	1.735	7.13E+09
3750	9	1.194	17.835	-0.25	20.65	19.623	18.085	17.324	16.681	16.459	16.754	16.901	21.522	18.852	17.596	17.21	17.045	18.063	1.076	3.132	2.29	0.956	1.568	3.522	2.728	1.621	7.07E+09
4000	9	1.194	17.555	-0.301	20.186	19.282	17.855	17.133	16.49	16.1	16.303	16.407	21.048	18.563	17.404	17.021	16.843	17.833	0.997	2.934	2.133	0.916	1.442	3.267	2.542	1.489	7.00E+09
4250	9	1.194	17.292	-0.324	19.697	18.925	17.616	16.94	16.316	15.811	15.888	15.943	20.551	18.261	17.203	16.843	16.668	17.593	0.915	2.725	1.967	0.847	1.307	2.998	2.345	1.35	6.91E+09
4500	9	1.194	17.043	-0.308	19.156	18.533	17.351	16.728	16.139	15.591	15.523	15.553	20.002	17.928	16.981	16.655	16.498	17.33	0.827	2.49	1.785	0.759	1.159	2.7	2.124	1.198	6.78E+09
4750	9	1.194	16.808	-0.272	18.603	18.136	17.081	16.511	15.959	15.422	15.232	15.222	19.441	17.589	16.752	16.464	16.331	17.06	0.742	2.246	1.604	0.666	1.015	2.398	1.896	1.048	6.65E+09
5000	9	1.194	16.586	-0.224	18.06	17.745	16.81	16.29	15.779	15.277	15.02	14.968	18.891	17.253	16.52	16.272	16.164	16.791	0.664	2.009	1.433	0.575	0.88	2.108	1.674	0.908	6.49E+09
5250	9	1.194	16.374	-0.176	17.549	17.376	16.55	16.077	15.605	15.146	14.867	14.793	18.374	16.933	16.296	16.086	16.004	16.532	0.595	1.787	1.28	0.488	0.757	1.842	1.468	0.784	6.31E+09
5500	9	1.194	16.171	-0.134	17.074	17.036	16.305	15.876	15.441	15.024	14.749	14.673	17.895	16.636	16.084	15.909	15.852	16.288	0.536	1.58	1.146	0.408	0.648	1.601	1.278	0.675	6.05E+09
6000	9	1.195	15.793	-0.083	16.246	16.448	15.876	15.521	15.149	14.811	14.562	14.505	17.061	16.119	15.714	15.597	15.583	15.861	0.439	1.215	0.926	0.27	0.465	1.187	0.949	0.498	5.10E+09
6500	9	1.195	15.445	-0.08	15.565	15.976	15.525	15.23	14.91	14.636	14.416	14.379	16.38	15.7	15.412	15.341	15.362	15.512	0.364	0.909	0.761	0.158	0.321	0.859	0.686	0.365	4.40E+09
7000	9	1.196	15.123	-0.11	15.043	15.597	15.233	14.987	14.709	14.489	14.294	14.277	15.862	15.358	15.159	15.127	15.177	15.221	0.308	0.707	0.649	0.066	0.205	0.639	0.515	0.27	4.00E+09
7500	9	1.196	14.823	-0.154	14.639	15.281	14.977	14.771	14.531	14.36	14.191	14.19	15.461	15.066	14.936	14.937	15.013	14.967	0.264	0.585	0.574	-0.012	0.112	0.498	0.413	0.203	3.68E+09
8000	9	1.196	14.543	-0.203	14.312	15.007	14.746	14.574	14.366	14.244	14.1	14.111	15.135	14.809	14.731	14.761	14.86	14.736	0.23	0.513	0.524	-0.079	0.036	0.408	0.353	0.154	3.39E+09
8500	9	1.196	14.279	-0.252	14.035	14.764	14.532	14.389	14.211	14.135	14.017	14.038	14.861	14.576	14.541	14.596	14.718	14.522	0.202	0.471	0.493	-0.139	-0.029	0.351	0.32	0.12	3.11E+09
9000	9	1.196	14.031	-0.301	13.794	14.544	14.331	14.216	14.066	14.034	13.938	13.967	14.622	14.363	14.362	14.441	14.583	14.322	0.179	0.448	0.475	-0.194	-0.085	0.316	0.303	0.096	2.86E+09
9500	9	1.197	13.796	-0.347	13.579	14.343	14.143	14.052	13.928	13.94	13.864	13.9	14.408	14.166	14.195	14.294	14.457	14.133	0.16	0.436	0.465	-0.246	-0.135	0.294	0.297	0.081	2.64E+09
10000	9	1.197	13.573	-0.392	13.383	14.156	13.965	13.898	13.799	13.85	13.793	13.834	14.213	13.981	14.037	14.156	14.339	13.954	0.144	0.431	0.461	-0.296	-0.18	0.28	0.295	0.071	2.44E+09
10500	9	1.197	13.361	-0.437	13.202	13.982	13.798	13.754	13.679	13.767	13.725	13.772	14.033	13.81	13.889	14.027	14.229	13.787	0.13	0.427	0.46	-0.343	-0.222	0.27	0.293	0.066	2.26E+09
11000	9	1.197	13.159	-0.488	13.035	13.825	13.646	13.624	13.57	13.691	13.663	13.714	13.868	13.654	13.755	13.911	14.131	13.634	0.119	0.422	0.459	-0.388	-0.26	0.26	0.29	0.061	2.09E+09
11500	9	1.197	12.965	-0.55	12.886	13.686	13.515	13.511	13.477	13.625	13.609	13.663	13.719	13.518	13.639	13.811	14.046	13.502	0.108	0.412	0.455	-0.428	-0.293	0.245	0.281	0.055	1.93E+09
12000	9	1.198	12.78	-0.623	12.752	13.565	13.404	13.416	13.399	13.568	13.56	13.617	13.586	13.4	13.541	13.727	13.974	13.39	0.098	0.398	0.447	-0.462	-0.323	0.226	0.268	0.048	1.79E+09
12500	9	1.198	12.603	-0.705	12.631	13.459	13.308	13.334	13.331	13.517	13.517	13.577	13.466	13.298	13.456	13.655	13.912	13.294	0.088	0.381	0.436	-0.491	-0.35	0.204	0.252	0.04	1.67E+09
13000	9	1.198	12.432	-0.791	12.522	13.364	13.223	13.262	13.272	13.473	13.479	13.541	13.357	13.207	13.382	13.592	13.857	13.21	0.079	0.364	0.425	-0.517	-0.375	0.181	0.236	0.03	1.55E+09
13500	9	1.198	12.268	-0.883	12.428	13.281	13.151	13.2	13.222	13.434	13.446	13.51	13.263	13.127	13.318	13.538	13.811	13.137	0.069	0.35	0.415	-0.539	-0.398	0.161	0.223	0.021	1.43E+09
14000	9	1.199	12.11	-0.982	12.351	13.214	13.092	13.151	13.182	13.404	13.419	13.485	13.187	13.063	13.267	13.496	13.774	13.079	0.061	0.339	0.406	-0.559	-0.417	0.145	0.212	0.013	1.33E+09
14500	9	1.199	11.957	-1.088	12.289	13.159	13.046	13.111	13.15	13.378	13.398	13.464	13.125	13.011	13.225	13.462	13.744	13.032	0.054	0.33	0.397	-0.574	-0.434	0.131	0.203	0.006	1.23E+09
15000	9	1.199	11.81	-1.189	12.226	13.104	12.999	13.071	13.118	13.353	13.375	13.443	13.063	12.958	13.184	13.428	13.714	12.986	0.046	0.32	0.388	-0.589	-0.45	0.116	0.194	-0.002	1.14E+09
15500	9	1.199	11.667	-1.282	12.158	13.044	12.949	13.029	13.084	13.325	13.351	13.42	12.995	12.902	13.14	13.391	13.682	12.936	0.037	0.309	0.377	-0.604	-0.468	0.099	0.183	-0.012	1.06E+09
16000	9	1.199	11.529	-1.369	12.085	12.982	12.898	12.984	13.047	13.296	13.326	13.396	12.923	12.843	13.094	13.353	13.648	12.886	0.028	0.295	0.364	-0.618	-0.486	0.079	0.171	-0.024	9.81E+08
16500	9	1.2	11.395	-1.452	12.011	12.919	12.847	12.939	13.009	13.266	13.3	13.371	12.849	12.784	13.047	13.313	13.612	12.836	0.019	0.279	0.349	-0.631	-0.503	0.056	0.157	-0.038	9.09E+08
17000	9	1.2	11.266	-1.532	11.935	12.856	12.797	12.894	12.971	13.234	13.272	13.345	12.774	12.726	13.001	13.273	13.576	12.787	0.01	0.259	0.331	-0.642	-0.519	0.03	0.14	-0.053	8.40E+08
20000	9	1.201	10.558	-1.967	11.5	12.508	12.525	12.639	12.744	13.044	13.101	13.182	12.34	12.407	12.739	13.038	13.357	12.52	-0.028	0.125	0.223	-0.682	-0.584	-0.132	0.017	-0.138	5.13E+08
25000	9	1.204	9.587	-2.547	10.896	12.022	12.134	12.266	12.404	12.752	12.833	12.928	11.737	11.959	12.36	12.69	13.027	12.133	-0.069	-0.059	0.087	-0.73	-0.656	-0.344	-0.153	-0.233	2.53E+08
30000	9	1.206	8.794	-2.972	10.362	11.576	11.765	11.909	12.069	12.454	12.554	12.659	11.205	11.543	11.996	12.349	12.699	11.768	-0.097	-0.203	-0.025	-0.761	-0.704	-0.509	-0.289	-0.307	1.49E+08
35000	9	1.205	8.125	-3.364	9.987	11.246	11.488	11.635	11.807	12.206	12.316	12.42	10.83	11.231	11.719	12.085	12.44	11.494	-0.117	-0.285	-0.099	-0.773	-0.731	-0.607	-0.368	-0.356	1.12E+08
40000	9	1.208	7.543	-3.768	9.76	11.043	11.311	11.459	11.638	12.043	12.157	12.26	10.604	11.037	11.542	11.914	12.271	11.318	-0.125	-0.329	-0.136	-0.78	-0.743	-0.657	-0.41	-0.381	7.08E+07
45000	9	1.21	7.029	-4.152	9.6	10.897	11.181	11.331	11.514	11.923	12.039	12.142	10.444	10.897	11.413	11.789	12.148	11.189	-0.129	-0.356	-0.159	-0.785	-0.751	-0.687	-0.435	-0.397	4.61E+07
50000	9	1.212	6.57	-4.507	9.474	10.781	11.077	11.228	11.414	11.826	11.944	12.047	10.318	10.786	11.309	11.689	12.049	11.085	-0.133	-0.376	-0.175	-0.788	-0.757	-0.709	-0.454	-0.409	2.82E+07
55000	9	1.214	6.154	-4.834	9.368	10.684	10.988	11.14	11.328	11.743	11.862	11.965	10.213	10.691	11.22	11.603	11.964	10.997	-0.136	-0.391	-0.188	-0.791	-0.762	-0.726	-0.467	-0.418	1.44E+07
60000	9	1.217	5.774	-5.136	9.277	10.598	10.91	11.063	11.253	11.669	11.789	11.892	10.121	10.608	11.142	11.527	11.889	10.919	-0.138	-0.402	-0.198	-0.794	-0.766	-0.739	-0.479	-0.426	5.49E+06
65000	9	1.22	5.423	-5.416	9.194	10.521	10.839	10.993	11.184	11.602	11.723	11.826	10.039	10.533	11.072	11.458	11.821	10.849	-0.14	-0.412	-0.206	-0.796	-0.769	-0.751	-0.488	-0.432	1.82E+06
70000	9	1.222	5.099	-5.675	9.12	10.452	10.774	10.929	11.122	11.541	11.663	11.766	9.965	10.465	11.007	11.396	11.759	10.785	-0.142	-0.421	-0.214	-0.798	-0.772	-0.76	-0.496	-0.437	9.92E+05
75000	9	1.224	4.798	-5.917	9.053	10.388	10.715	10.87	11.065	11.485	11.608	11.711	9.898	10.403	10.949	11.338	11.702	10.726	-0.144	-0.428	-0.22	-0.799	-0.775	-0.768	-0.502	-0.442	7.26E+05
80000	9	1.226	4.516	-6.144	8.99	10.329	10.66	10.816	11.011	11.433	11.556	11.659	9.835	10.345	10.894	11.284	11.648	10.671	-0.145	-0.434	-0.225	-0.801	-0.778	-0.776	-0.508	-0.446	5.94E+05
85000	9	1.228	4.251	-6.357	8.932	10.273	10.608	10.764	10.961	11.384	11.507	11.61	9.777	10.291	10.842	11.234	11.598	10.619	-0.146	-0.44	-0.23	-0.802	-0.78	-0.782	-0.514	-0.45	4.90E+05
90000	9	1.229	4.002	-6.558	8.877	10.221	10.559	10.716	10.913	11.337	11.461	11.564	9.722	10.24	10.793	11.186	11.551	10.57	-0.148	-0.445	-0.234	-0.804	-0.782	-0.788	-0.518	-0.453	3.60E+05
100000	9	1.227	3.546	-6.927	8.781	10.13	10.473	10.631	10.83	11.255	11.38	11.483	9.626	10.15	10.708	11.102	11.468	10.485	-0.15	-0.454	-0.242	-0.806	-0.785	-0.798	-0.526	-0.459	8.61E+04
110000	9	1.215	3.143	-7.261	8.703	10.056	10.404	10.562	10.763	11.189	11.315	11.418	9.548	10.078	10.639	11.035	11.401	10.415	-0.151	-0.461	-0.248	-0.808	-0.788	-0.806	-0.533	-0.464	4.32E+03
120000	9	1.192	2.785	-7.564	8.642	9.998	10.35	10.509	10.711	11.139	11.265	11.368	9.487	10.021	10.585	10.982	11.35	10.362	-0.153	-0.467	-0.253	-0.81	-0.791	-0.813	-0.539	-0.468	5.70E+01
1500	9.5	1.365	22.919	1.098	25.365	23.465	21.821	22.105	24.007	23.534	23.365	24.228	26.331	22.522	21.97	24.432	23.818	21.74	1.084	4.563	2.762	-3.06	-1.099	4.865	4.06	1.97	3.50E+09
1750	9.5	1.365	22.25	1.048	24.856	23.028	21.202	21.276	22.738	22.425	22.417	23.19	25.809	22.032	21.162	23.135	22.726	21.122	1.266	4.438	2.932	-2.285	-0.313	4.918	3.949	2.139	3.50E+09
2000	9.5	1.365	21.67	0.906	24.384	22.665	20.764	20.618	21.663	21.491	21.568	22.203	25.322	21.67	20.537	22.024	21.798	20.704	1.337	4.255	2.951	-1.552	0.359	4.808	3.779	2.164	3.49E+09
2250	9.5	1.365	21.158	0.722	23.951	22.342	20.436	20.096	20.716	20.713	20.881	21.406	24.876	21.369	20.065	21.091	20.96	20.395	1.342	4.073	2.896	-0.859	0.871	4.639	3.608	2.122	3.48E+09
2500	9.5	1.365	20.701	0.531	23.548	22.044	20.169	19.675	19.944	20.059	20.302	20.724	24.461	21.099	19.705	20.331	20.261	20.139	1.319	3.9	2.815	-0.307	1.244	4.456	3.447	2.056	3.46E+09
2750	9.5	1.365	20.287	0.347	23.175	21.768	19.94	19.332	19.315	19.476	19.775	20.103	24.079	20.853	19.428	19.721	19.68	19.915	1.286	3.742	2.728	0.125	1.484	4.279	3.3	1.985	3.45E+09
3000	9.5	1.365	19.909	0.184	22.81	21.496	19.725	19.036	18.788	18.959	19.309	19.584	23.705	20.613	19.195	19.22	19.184	19.702	1.245	3.59	2.633	0.46	1.615	4.102	3.158	1.908	3.45E+09
3250	9.5	1.365	19.561	0.041	22.447	21.226	19.52	18.781	18.358	18.486	18.852	19.07	23.333	20.376	18.991	18.823	18.766	19.498	1.199	3.44	2.533	0.701	1.656	3.921	3.017	1.825	3.44E+09
3500	9.5	1.365	19.239	-0.078	22.071	20.947	19.317	18.56	18.019	18.049	18.408	18.591	22.95	20.134	18.805	18.514	18.42	19.295	1.145	3.285	2.421	0.847	1.63	3.728	2.872	1.732	3.44E+09
3750	9.5	1.365	18.94	-0.172	21.68	20.656	19.112	18.364	17.762	17.643	17.961	18.12	22.551	19.884	18.625	18.275	18.145	19.089	1.083	3.125	2.298	0.902	1.558	3.524	2.723	1.629	3.44E+09
4000	9.5	1.365	18.66	-0.235	21.249	20.338	18.895	18.177	17.559	17.277	17.526	17.646	22.112	19.612	18.442	18.08	17.928	18.872	1.01	2.946	2.155	0.886	1.448	3.292	2.554	1.509	3.44E+09
4250	9.5	1.365	18.396	-0.268	20.787	19.997	18.665	17.99	17.382	16.963	17.11	17.192	21.642	19.322	18.249	17.902	17.745	18.641	0.932	2.754	1.999	0.831	1.32	3.042	2.374	1.378	3.44E+09
4500	9.5	1.365	18.148	-0.265	20.273	19.623	18.413	17.789	17.209	16.716	16.732	16.792	21.12	19.004	18.039	17.721	17.576	18.391	0.846	2.535	1.825	0.75	1.176	2.76	2.167	1.232	3.44E+09
4750	9.5	1.365	17.913	-0.241	19.74	19.237	18.154	17.582	17.037	16.531	16.415	16.44	20.579	18.676	17.821	17.539	17.413	18.132	0.761	2.301	1.646	0.662	1.033	2.466	1.948	1.083	3.41E+09
5000	9.5	1.365	17.69	-0.203	19.211	18.857	17.894	17.372	16.865	16.381	16.173	16.148	20.043	18.351	17.6	17.355	17.252	17.874	0.681	2.069	1.475	0.573	0.897	2.18	1.731	0.942	3.35E+09
5250	9.5	1.365	17.478	-0.161	18.707	18.492	17.64	17.164	16.696	16.248	15.998	15.94	19.533	18.036	17.382	17.174	17.096	17.621	0.61	1.851	1.319	0.487	0.772	1.915	1.528	0.815	3.28E+09
5500	9.5	1.365	17.276	-0.122	18.231	18.152	17.398	16.966	16.533	16.126	15.869	15.8	19.053	17.74	17.174	17.001	16.946	17.381	0.548	1.643	1.181	0.408	0.661	1.669	1.336	0.702	3.21E+09
6000	9.5	1.365	16.899	-0.069	17.405	17.559	16.968	16.61	16.241	15.91	15.672	15.615	18.221	17.219	16.802	16.688	16.676	16.953	0.448	1.286	0.955	0.27	0.475	1.258	1.012	0.521	3.04E+09
6500	9.5	1.365	16.551	-0.059	16.715	17.074	16.61	16.314	15.996	15.73	15.519	15.482	17.529	16.791	16.495	16.426	16.45	16.597	0.371	0.981	0.781	0.157	0.327	0.922	0.743	0.382	2.62E+09
7000	9.5	1.365	16.229	-0.086	16.161	16.685	16.315	16.069	15.793	15.581	15.395	15.376	16.978	16.443	16.242	16.21	16.262	16.303	0.312	0.745	0.656	0.064	0.209	0.67	0.543	0.28	2.45E+09
7500	9.5	1.365	15.929	-0.134	15.732	16.366	16.063	15.858	15.618	15.454	15.291	15.288	16.552	16.152	16.023	16.023	16.101	16.052	0.266	0.593	0.571	-0.014	0.114	0.503	0.415	0.207	2.32E+09
8000	9.5	1.366	15.649	-0.19	15.392	16.095	15.838	15.668	15.46	15.34	15.2	15.211	16.214	15.9	15.826	15.854	15.954	15.828	0.231	0.5	0.515	-0.08	0.036	0.394	0.337	0.156	2.19E+09
8500	9.5	1.366	15.385	-0.246	15.108	15.857	15.632	15.491	15.311	15.236	15.118	15.139	15.933	15.675	15.644	15.695	15.816	15.622	0.204	0.442	0.479	-0.138	-0.028	0.323	0.29	0.121	2.08E+09
9000	9.5	1.366	15.137	-0.301	14.864	15.643	15.439	15.324	15.17	15.138	15.041	15.07	15.69	15.469	15.472	15.546	15.686	15.429	0.181	0.407	0.458	-0.191	-0.082	0.277	0.262	0.097	1.99E+09
9500	9.5	1.366	14.902	-0.355	14.647	15.448	15.257	15.167	15.037	15.046	14.967	15.004	15.475	15.279	15.311	15.404	15.564	15.247	0.164	0.385	0.447	-0.24	-0.13	0.246	0.245	0.083	1.91E+09
10000	9.5	1.366	14.679	-0.406	14.451	15.268	15.086	15.017	14.91	14.96	14.897	14.939	15.28	15.102	15.158	15.269	15.448	15.075	0.15	0.371	0.442	-0.287	-0.171	0.226	0.235	0.075	1.83E+09
10500	9.5	1.366	14.468	-0.456	14.269	15.1	14.923	14.876	14.791	14.878	14.829	14.876	15.099	14.936	15.013	15.142	15.338	14.911	0.138	0.361	0.441	-0.331	-0.207	0.211	0.227	0.071	1.75E+09
11000	9.5	1.366	14.265	-0.506	14.101	14.944	14.772	14.744	14.679	14.801	14.764	14.816	14.932	14.782	14.878	15.023	15.236	14.759	0.129	0.352	0.441	-0.373	-0.241	0.199	0.219	0.07	1.69E+09
11500	9.5	1.366	14.072	-0.562	13.947	14.801	14.635	14.626	14.58	14.73	14.705	14.76	14.778	14.641	14.756	14.916	15.145	14.621	0.12	0.341	0.439	-0.411	-0.271	0.185	0.209	0.068	1.63E+09
12000	9.5	1.366	13.887	-0.629	13.807	14.676	14.516	14.523	14.494	14.669	14.652	14.709	14.639	14.519	14.651	14.825	15.066	14.501	0.113	0.326	0.434	-0.445	-0.299	0.168	0.195	0.064	1.58E+09
12500	9.5	1.366	13.71	-0.704	13.681	14.565	14.414	14.434	14.42	14.614	14.604	14.665	14.514	14.411	14.559	14.746	14.998	14.399	0.106	0.307	0.425	-0.474	-0.323	0.146	0.177	0.057	1.52E+09
13000	9.5	1.366	13.54	-0.785	13.565	14.465	14.325	14.356	14.354	14.565	14.562	14.624	14.399	14.315	14.479	14.677	14.938	14.309	0.098	0.288	0.413	-0.499	-0.346	0.123	0.158	0.049	1.46E+09
13500	9.5	1.366	13.376	-0.869	13.459	14.374	14.244	14.287	14.296	14.52	14.523	14.588	14.293	14.228	14.407	14.615	14.884	14.229	0.09	0.268	0.4	-0.522	-0.367	0.099	0.14	0.04	1.41E+09
14000	9.5	1.366	13.218	-0.955	13.363	14.292	14.173	14.224	14.245	14.48	14.488	14.555	14.198	14.15	14.343	14.56	14.836	14.157	0.082	0.25	0.388	-0.543	-0.387	0.077	0.123	0.031	1.36E+09
14500	9.5	1.366	13.065	-1.045	13.28	14.22	14.11	14.171	14.201	14.446	14.458	14.527	14.115	14.082	14.288	14.513	14.794	14.094	0.075	0.235	0.378	-0.561	-0.405	0.057	0.109	0.023	1.31E+09
15000	9.5	1.366	12.918	-1.14	13.211	14.161	14.059	14.126	14.165	14.418	14.433	14.504	14.046	14.025	14.242	14.475	14.761	14.043	0.069	0.223	0.37	-0.577	-0.421	0.042	0.097	0.016	1.27E+09
15500	9.5	1.366	12.776	-1.241	13.154	14.112	14.016	14.09	14.135	14.394	14.413	14.485	13.99	13.979	14.204	14.444	14.733	14.001	0.063	0.213	0.362	-0.59	-0.434	0.029	0.088	0.01	1.23E+09
16000	9.5	1.366	12.638	-1.338	13.098	14.064	13.975	14.055	14.106	14.371	14.393	14.466	13.935	13.933	14.168	14.413	14.707	13.96	0.057	0.203	0.355	-0.603	-0.448	0.016	0.079	0.004	1.19E+09
16500	9.5	1.367	12.504	-1.428	13.04	14.014	13.932	14.018	14.076	14.347	14.373	14.447	13.877	13.885	14.129	14.381	14.678	13.917	0.051	0.193	0.347	-0.616	-0.462	0.001	0.069	-0.002	1.15E+09
17000	9.5	1.367	12.374	-1.513	12.977	13.96	13.887	13.979	14.044	14.322	14.35	14.426	13.815	13.834	14.089	14.347	14.648	13.872	0.044	0.182	0.337	-0.629	-0.477	-0.014	0.059	-0.01	1.11E+09
20000	9.5	1.367	11.668	-1.95	12.573	13.624	13.619	13.734	13.833	14.147	14.196	14.279	13.413	13.522	13.837	14.127	14.447	13.608	0	0.081	0.247	-0.683	-0.554	-0.148	-0.031	-0.085	9.37E+08
25000	9.5	1.368	10.698	-2.53	11.976	13.133	13.229	13.363	13.497	13.856	13.931	14.027	12.818	13.07	13.458	13.782	14.121	13.224	-0.049	-0.09	0.103	-0.732	-0.634	-0.354	-0.188	-0.192	6.89E+08
30000	9.5	1.369	9.906	-2.956	11.449	12.683	12.862	13.007	13.164	13.556	13.652	13.757	12.292	12.65	13.096	13.444	13.795	12.862	-0.082	-0.225	-0.018	-0.761	-0.687	-0.516	-0.314	-0.28	3.74E+08
35000	9.5	1.461	9.166	-3.356	11.017	12.285	12.522	12.67	12.84	13.243	13.351	13.455	11.86	12.272	12.756	13.118	13.473	12.526	-0.109	-0.295	-0.093	-0.774	-0.721	-0.609	-0.382	-0.336	5.50E+08
40000	9.5	1.461	8.586	-3.765	10.798	12.088	12.351	12.501	12.678	13.086	13.199	13.303	11.642	12.083	12.585	12.954	13.312	12.356	-0.118	-0.336	-0.131	-0.781	-0.735	-0.657	-0.42	-0.365	6.41E+08
45000	9.5	1.46	8.075	-4.151	10.643	11.946	12.226	12.377	12.558	12.97	13.086	13.19	11.487	11.947	12.459	12.834	13.193	12.232	-0.124	-0.362	-0.155	-0.786	-0.744	-0.687	-0.444	-0.384	5.45E+08
50000	9.5	1.46	7.617	-4.508	10.521	11.833	12.125	12.278	12.462	12.877	12.994	13.098	11.365	11.838	12.359	12.737	13.097	12.133	-0.128	-0.381	-0.172	-0.79	-0.751	-0.709	-0.461	-0.397	3.18E+08
55000	9.5	1.461	7.203	-4.836	10.418	11.737	12.039	12.193	12.379	12.796	12.915	13.019	11.263	11.746	12.273	12.654	13.015	12.047	-0.132	-0.395	-0.185	-0.792	-0.757	-0.726	-0.474	-0.408	1.17E+08
60000	9.5	1.461	6.825	-5.139	10.33	11.654	11.964	12.118	12.307	12.726	12.846	12.95	11.174	11.665	12.198	12.581	12.944	11.972	-0.135	-0.406	-0.196	-0.795	-0.761	-0.739	-0.485	-0.416	2.44E+07
65000	9.5	1.463	6.475	-5.419	10.249	11.579	11.895	12.05	12.241	12.661	12.782	12.887	11.094	11.592	12.129	12.514	12.877	11.904	-0.137	-0.416	-0.204	-0.797	-0.765	-0.751	-0.493	-0.424	4.00E+06
70000	9.5	1.463	6.153	-5.68	10.178	11.512	11.833	11.989	12.181	12.603	12.726	12.83	11.023	11.527	12.068	12.455	12.819	11.843	-0.139	-0.424	-0.212	-0.799	-0.768	-0.76	-0.501	-0.43	1.57E+06
75000	9.5	1.462	5.855	-5.923	10.114	11.452	11.778	11.934	12.128	12.551	12.674	12.778	10.959	11.468	12.013	12.401	12.765	11.788	-0.141	-0.431	-0.218	-0.801	-0.772	-0.768	-0.507	-0.435	9.88E+05
80000	9.5	1.462	5.575	-6.151	10.054	11.395	11.725	11.882	12.077	12.501	12.625	12.73	10.9	11.412	11.96	12.35	12.715	11.735	-0.143	-0.437	-0.224	-0.802	-0.774	-0.776	-0.513	-0.44	7.48E+05
85000	9.5	1.461	5.312	-6.364	9.999	11.343	11.676	11.833	12.03	12.455	12.579	12.684	10.844	11.361	11.911	12.302	12.668	11.686	-0.144	-0.443	-0.229	-0.804	-0.777	-0.782	-0.518	-0.444	5.77E+05
90000	9.5	1.459	5.065	-6.566	9.948	11.294	11.631	11.789	11.986	12.412	12.538	12.642	10.794	11.314	11.867	12.259	12.625	11.642	-0.145	-0.447	-0.233	-0.805	-0.779	-0.788	-0.522	-0.448	3.71E+05
100000	9.5	1.445	4.619	-6.937	9.863	11.213	11.556	11.714	11.913	12.341	12.467	12.572	10.708	11.234	11.792	12.186	12.552	11.567	-0.148	-0.456	-0.241	-0.807	-0.783	-0.798	-0.53	-0.454	3.71E+04
110000	9.5	1.41	4.231	-7.273	9.802	11.156	11.504	11.663	11.864	12.293	12.42	12.525	10.648	11.179	11.74	12.136	12.503	11.515	-0.15	-0.463	-0.247	-0.81	-0.786	-0.806	-0.536	-0.46	1.43E+02
120000	9.5	1.353	3.898	-7.578	9.767	11.125	11.476	11.636	11.838	12.269	12.397	12.502	10.613	11.149	11.713	12.11	12.478	11.488	-0.151	-0.469	-0.252	-0.812	-0.789	-0.813	-0.541	-0.464	1.31E-02
